tradeoff	uninfected	susceptible	resistantA	resistantB	multiResistant
0.99	0.7407418803279998	1.0256328066554286E-6	0.12962813383091945	0.12962813383091945	8.263773541886849E-7
0.98	0.740741880327547	1.0256328066554336E-6	0.12962810741270187	0.12962810741270187	8.792142433672986E-7
0.97	0.7407418803270528	1.025632806655427E-6	0.12962807859286363	0.12962807859286363	9.368544124201482E-7
0.96	0.7407418803265117	1.02563280665543E-6	0.1296280470283242	0.1296280470283242	9.999840331585128E-7
0.95	0.7407418803259165	1.0256328066554237E-6	0.12962801230738286	0.12962801230738286	1.0694265094400597E-6
0.94	0.7407418803252587	1.0256328066554294E-6	0.12962797393167208	0.12962797393167208	1.1461785902238426E-6
0.9299999999999999	0.7407418803245275	1.025632806655432E-6	0.12962793129207306	0.12962793129207306	1.2314585200844334E-6
0.92	0.7407418803237107	1.0256328066554328E-6	0.12962788363614972	0.12962788363614972	1.3267711836879082E-6
0.91	0.7407418803227916	1.0256328066554324E-6	0.12962783002336153	0.12962783002336153	1.433997678930941E-6
0.9	0.7407418803217498	1.0256328066591295E-6	0.12962776926281835	0.12962776926281835	1.5555207185348617E-6
0.89	0.7407418803205594	1.025632806655436E-6	0.12962769982143071	0.12962769982143071	1.6944037738492766E-6
0.88	0.7407418803191858	1.0256328066676515E-6	0.12962761969906061	0.12962761969906061	1.8546528983807413E-6
0.87	0.7407418803175833	1.0256328066617282E-6	0.12962752622085155	0.12962752622085155	2.041609459139509E-6
0.86	0.7407418803156893	1.0256328066675195E-6	0.12962741574870226	0.12962741574870226	2.262557078951433E-6
0.85	0.7407418803134167	1.0256328066704005E-6	0.12962728318236735	0.12962728318236735	2.527692731341493E-6
0.84	0.7407418803106391	1.0256328066554347E-6	0.12962712115567349	0.12962712115567349	2.8517452081155482E-6
0.83	0.7407418803071669	1.0256328066554322E-6	0.12962691862632006	0.12962691862632006	3.2568073864430255E-6
0.8200000000000001	0.7407418803027028	1.025632806655417E-6	0.12962665823422548	0.12962665823422548	3.7775960358900027E-6
0.81	0.7407418802967507	1.0256328066562714E-6	0.1296263110497562	0.1296263110497562	4.4719711372608865E-6
0.8	0.7407418802884181	1.0256328066554368E-6	0.1296258250006224	0.1296258250006224	5.4440775315813696E-6
0.79	0.7407418802759193	1.0256328066554358E-6	0.12962509594758057	0.12962509594758057	6.9021961138673E-6
0.78	0.7407418802550882	1.0256328066554713E-6	0.12962388091385832	0.12962388091385832	9.332284397928291E-6
0.77	0.7407418802134288	1.0256328066592283E-6	0.1296214510518877	0.1296214510518877	1.4192050924333427E-5
0.76	0.7407418800884692	1.0256328066556219E-6	0.12961416310397725	0.12961416310397725	2.8768070814974205E-5
0.75	0.740741097838087	1.025632806678566E-6	0.09129029292716319	0.09129029292716319	0.07667729067436836
0.74	0.730997513612296	1.025633104378319E-6	3.0666282630613656E-5	3.0666282630613656E-5	0.2689401281893516
0.73	0.7215040831914298	1.0256333743980677E-6	1.6083139083128544E-5	1.6083139083128544E-5	0.27846272489705154
0.72	0.712254073983234	1.0256336203564725E-6	1.1222091078078222E-5	1.1222091078078222E-5	0.287722456200991
0.71	0.7032382422035548	1.025633845332639E-6	8.79156705786592E-6	8.79156705786592E-6	0.2967431490284821
0.7	0.6944478062105468	1.025634051901618E-6	7.333252641555685E-6	7.333252641555685E-6	0.30553650165011426
0.69	0.68587441801597	1.0256342422337174E-6	6.361043029281363E-6	6.361043029281363E-6	0.31411183426373157
0.6799999999999999	0.677510136848346	1.0256344181708898E-6	5.666607591363953E-6	5.666607591363953E-6	0.3224775043020543
0.6699999999999999	0.6693474046231707	1.0256345812866831E-6	5.145781012650686E-6	5.145781012650686E-6	0.3306412781802186
0.6599999999999999	0.6613790231643708	1.0256347329334025E-6	4.7406936735066515E-6	4.7406936735066515E-6	0.33861046981355053
0.6499999999999999	0.6535981330333971	1.02563487427955E-6	4.416623802108868E-6	4.416623802108868E-6	0.3463920080841258
0.64	0.6459981938352577	1.0256350063401645E-6	4.15147572546074E-6	4.15147572546074E-6	0.35399247757828695
0.63	0.6385729658827233	1.0256351300011324E-6	3.930518994888875E-6	3.930518994888875E-6	0.36141814744415507
0.62	0.631316493110677	1.0256352460391589E-6	3.743555607460939E-6	3.743555607460939E-6	0.3686749941428605
0.61	0.6242230871423015	1.0256353551380247E-6	3.5833012753654995E-6	3.5833012753654995E-6	0.37576872061979333
0.6	0.617287312417513	1.0256354579020991E-6	3.4444141875393045E-6	3.4444141875393045E-6	0.38270477311865436
0.59	0.6105039723019358	1.0256355548675686E-6	3.322887985684085E-6	3.322887985684085E-6	0.38948835628654077
0.5800000000000001	0.6038680961018128	1.0256356465117423E-6	3.2156589840416938E-6	3.2156589840416938E-6	0.3961244469445739
0.5700000000000001	0.5973749269166624	1.0256357332609697E-6	3.120344315911071E-6	3.120344315911071E-6	0.4026178067589739
0.56	0.5910199102672962	1.0256358154972257E-6	3.035062770738466E-6	3.035062770738466E-6	0.4089729939713492
0.55	0.5847986834420679	1.0256358935637424E-6	2.958309380080684E-6	2.958309380080684E-6	0.4151943743032792
0.54	0.5787070655089817	1.0256359677698266E-6	2.888865836150333E-6	2.888865836150333E-6	0.4212861311233801
0.53	0.5727410479456069	1.0256360383949086E-6	2.8257353416666663E-6	2.8257353416666663E-6	0.4272522749476719
0.52	0.566896785842672	1.0256361056920985E-6	2.7680944553977435E-6	2.7680944553977435E-6	0.4330966523323095
0.51	0.5611705896407744	1.0256361698912116E-6	2.7152569763169274E-6	2.7152569763169274E-6	0.43882295420910233
0.5	0.5555589173628865	1.0256362312013656E-6	2.6666464955617732E-6	2.6666464955617732E-6	0.44443472370789366
0.49	0.5500583673082986	1.025636289813253E-6	2.621775282556301E-6	2.621775282556301E-6	0.4499353635048455
0.48	0.544665671176328	1.025636345901191E-6	2.5802278631062576E-6	2.5802278631062576E-6	0.45532814273160027
0.47	0.53937768759059	1.0256363996247598E-6	2.5416481164735918E-6	2.5416481164735918E-6	0.46061620347677784
0.45999999999999996	0.5341913959968683	1.0256364511303801E-6	2.505729042022092E-6	2.505729042022092E-6	0.4658025669085973
0.44999999999999996	0.5291038909096784	1.0256365005526247E-6	2.472204572533686E-6	2.472204572533686E-6	0.4708901390446772
0.43999999999999995	0.5241123764844972	1.0256365480153927E-6	2.4408429720442363E-6	2.4408429720442363E-6	0.47588171619301156
0.42999999999999994	0.5192141613943537	1.025636593632949E-6	2.411441471585117E-6	2.411441471585117E-6	0.48077999008610794
0.42000000000000004	0.5144066539910538	1.0256366375108591E-6	2.383821880244535E-6	2.383821880244535E-6	0.48558755272854837
0.41000000000000003	0.5096873577327585	1.0256366797467626E-6	2.357826970747323E-6	2.357826970747323E-6	0.49030690097662044
0.4	0.5050538668609685	1.0256367204311404E-6	2.333317484649784E-6	2.333317484649784E-6	0.49494044086734174
0.39	0.5005038623111845	1.0256367596479427E-6	2.3101696366686286E-6	2.3101696366686286E-6	0.49949049171278176
0.38	0.4960351078426388	1.0256367974751744E-6	2.2882730237133617E-6	2.2882730237133617E-6	0.5039592899745163
0.37	0.49164544637352986	1.0256368339854011E-6	2.267528864071415E-6	2.267528864071415E-6	0.5083489929319079
0.36	0.4873327965091355	1.0256368692462261E-6	2.24784850748793E-6	2.24784850748793E-6	0.51266168215698
0.35	0.4830951492510728	1.0256369033207042E-6	2.2291521687335313E-6	2.2291521687335313E-6	0.5168993668076859
0.33999999999999997	0.4789305648767642	1.0256369362677193E-6	2.2113678465036646E-6	2.2113678465036646E-6	0.521063986750607
0.32999999999999996	0.47483716997893477	1.025636968142312E-6	2.1944303967608535E-6	2.1944303967608535E-6	0.5251574155233025
0.31999999999999995	0.4708131546556402	1.0256369989960128E-6	2.1782807353781185E-6	2.1782807353781185E-6	0.5291814631458895
0.30999999999999994	0.46685676984197655	1.025637028877089E-6	2.162865149512719E-6	2.162865149512719E-6	0.5331378787906943
0.29999999999999993	0.4629663247752036	1.0256370578308242E-6	2.148134700796849E-6	2.148134700796849E-6	0.5370283533183369
0.29000000000000004	0.4591401845855636	1.0256370858997238E-6	2.1340447063729266E-6	2.1340447063729266E-6	0.5408545216879382
0.28	0.45537676800558646	1.0256371131237365E-6	2.1205542861797616E-6	2.1205542861797616E-6	0.544617965248728
0.27	0.45167454519113426	1.0256371395404476E-6	2.1076259668279437E-6	2.1076259668279437E-6	0.5483202139197925
0.26	0.44803203564787997	1.0256371651852415E-6	2.0952253339802485E-6	2.0952253339802485E-6	0.5519627482642872
0.25	0.44444780625731506	1.0256371900914651E-6	2.083320726446429E-6	2.083320726446429E-6	0.5555470014640425
0.24	0.44092046939675633	1.0256372142905699E-6	2.0718829662668466E-6	2.0718829662668466E-6	0.5590743612000972
0.22999999999999998	0.4374486811481729	1.0256372378122507E-6	2.0608851199403014E-6	2.0608851199403014E-6	0.56254617144435
0.21999999999999997	0.43403113959097106	1.0256372606845553E-6	2.0503022866826502E-6	2.0503022866826502E-6	0.5659637341671937
0.20999999999999996	0.43066658317418904	1.025637282934019E-6	2.040111410212309E-6	2.040111410212309E-6	0.5693283109657078
0.19999999999999996	0.4273537891638169	1.025637304585733E-6	2.0302911110681374E-6	2.0302911110681374E-6	0.5726411246166568
0.18999999999999995	0.42409157216123483	1.0256373256634698E-6	2.0208215368933834E-6	2.0208215368933834E-6	0.5759033605583669
0.17999999999999994	0.42087878268899326	1.025637346189751E-6	2.011684228479124E-6	2.011684228479124E-6	0.5791161683052037
0.16999999999999993	0.4177143058403928	1.025637366185943E-6	2.002861999665346E-6	2.002861999665346E-6	0.5822806627982422
0.16000000000000003	0.4145970599895311	1.0256373856723152E-6	1.994338829455406E-6	1.994338829455406E-6	0.5853979256954244
0.15000000000000002	0.4115259955586805	1.0256374046681213E-6	1.986099764919117E-6	1.986099764919117E-6	0.5884690066043846
0.14	0.40850009384004715	1.025637423191657E-6	1.978130833646304E-6	1.978130833646304E-6	0.5914949242608625
0.13	0.4055183658691297	1.0256374412603177E-6	1.9704189646726026E-6	1.9704189646726026E-6	0.5944766676555007
0.12	0.40257985134706487	1.0256374588906519E-6	1.962951916936146E-6	1.962951916936146E-6	0.5974151971116427
0.10999999999999999	0.39968361760948895	1.0256374760984207E-6	1.9557182144414426E-6	1.9557182144414426E-6	0.6003114453166053
0.09999999999999998	0.39682875863959155	1.0256374928986401E-6	1.9487070874081107E-6	1.9487070874081107E-6	0.6031663183087408
0.08999999999999997	0.39401439412316697	1.025637509305614E-6	1.9419084187697164E-6	1.9419084187697164E-6	0.6059806964224862
0.07999999999999996	0.3912396685435923	1.0256375253329918E-6	1.9353126954638025E-6	1.9353126954638025E-6	0.608755435193491
0.06999999999999995	0.38850375031478	1.0256375409937994E-6	1.9289109640198255E-6	1.9289109640198255E-6	0.611491366225752
0.05999999999999994	0.3858058309502559	1.0256375563004615E-6	1.922694790008988E-6	1.922694790008988E-6	0.6141892980226065
0.04999999999999993	0.38314512426662084	1.0256375712648685E-6	1.9166562209698923E-6	1.9166562209698923E-6	0.6168500167833659
0.040000000000000036	0.3805208656197472	1.0256375858983634E-6	1.910787752467097E-6	1.910787752467097E-6	0.619474287167161
0.030000000000000027	0.37793231117215004	1.02563760021181E-6	1.9050822969782694E-6	1.9050822969782694E-6	0.6220628530256563
0.020000000000000018	0.37537873719006	1.025637614215588E-6	1.899533155338441E-6	1.899533155338441E-6	0.6246164381060157
0.010000000000000009	0.3728594393688027	1.0256376279196393E-6	1.8941339904996788E-6	1.8941339904996788E-6	0.6271357467255876
