tradeoff	uninfected	susceptible	resistantA	resistantB	multiResistant
0.99	0.2777812095302557	3.5374147761946605E-6	0.722209416698106	2.8891302205486198E-6	2.9472243162189187E-6
0.98	0.2777812095302549	3.5374147762112623E-6	0.7222093571502979	2.8891302206393307E-6	3.006776024363992E-6
0.97	0.27778120953013546	3.5374147762635908E-6	0.7222092963650407	2.8891302208410524E-6	3.0675556228485362E-6
0.96	0.2777812095301349	3.5374147763669114E-6	0.7222092343189286	2.8891302210630966E-6	3.1296015062464313E-6
0.95	0.27778120953013546	3.5374147764331053E-6	0.7222091709787057	2.889130221349186E-6	3.1929537032717956E-6
0.94	0.2777812095302551	3.537414776503055E-6	0.7222091062632393	2.8891302217111767E-6	3.2576539763338276E-6
0.9299999999999999	0.2777812095302667	3.5374147766692657E-6	0.7222090401860924	2.889130222108236E-6	3.323745936108639E-6
0.92	0.27778120953031143	3.5374147768776807E-6	0.7222089726489878	2.8891302226207034E-6	3.3912751781636785E-6
0.91	0.27778120953084734	3.537414777113569E-6	0.7222089036356815	2.8891302232812535E-6	3.460289450304342E-6
0.9	0.2777812095329517	3.5374147774904193E-6	0.7222088330876323	2.88913022403272E-6	3.5308388691254693E-6
0.89	0.27778120953384294	3.5374147779712846E-6	0.7222087609464054	2.889130224993748E-6	3.602976208490101E-6
0.88	0.2777812095436752	3.537414778598136E-6	0.7222086871611111	2.8891302261647693E-6	3.6767572985703255E-6
0.87	0.27778120954748897	3.537414779485498E-6	0.7222086116668768	2.8891302275664195E-6	3.752241594373724E-6
0.86	0.2777812095592385	3.5374147806663244E-6	0.7222085344034904	2.889130229283043E-6	3.8294929996568E-6
0.85	0.2777812095768172	3.537414782427502E-6	0.7222084552982476	2.8891302314780773E-6	3.9085810778456896E-6
0.84	0.2777812096064595	3.5374147848668764E-6	0.7222083742604771	2.889130234145678E-6	3.989582842755158E-6
0.83	0.2777812096580006	3.5374147882582896E-6	0.7222082912149789	2.88913023748931E-6	4.072585414004422E-6
0.8200000000000001	0.27778120973286385	3.537414793104105E-6	0.7222082060358501	2.8891302417122445E-6	4.157689948828753E-6
0.81	0.27778120984717747	3.537414799987283E-6	0.7222081185903358	2.889130247110406E-6	4.2450174488422775E-6
0.8	0.2777812100240691	3.5374148097432994E-6	0.7222080287171556	2.8891302540816695E-6	4.33471729400005E-6
0.79	0.27778121028969616	3.5374148235067623E-6	0.7222079361851373	2.8891302631138994E-6	4.426979723969949E-6
0.78	0.27778121069518213	3.5374148428777867E-6	0.7222078407063208	2.889130275018935E-6	4.5220539850872195E-6
0.77	0.277781211305634	3.5374148701361467E-6	0.7222077418704415	2.8891302907629996E-6	4.620274571619578E-6
0.76	0.2777812122106801	3.537414908327815E-6	0.7222076391382559	2.8891303116563522E-6	4.722098972682436E-6
0.75	0.2777812135471758	3.5374149616708867E-6	0.7222075317407901	2.8891303396552385E-6	4.828161724687458E-6
0.74	0.2777812155080485	3.5374150359503276E-6	0.7222074185902372	2.889130377386809E-6	4.939351556694072E-6
0.73	0.27778121835933073	3.537415138975716E-6	0.7222072981751787	2.8891304283666584E-6	5.056921309504047E-6
0.72	0.277781222478363	3.5374152813627373E-6	0.7222071683320453	2.8891304973015793E-6	5.182644671242407E-6
0.71	0.27778122840103714	3.537415477633823E-6	0.7222070260135396	2.8891305908507317E-6	5.319040565602615E-6
0.7	0.27778123687239475	3.5374157472820665E-6	0.7222068668910576	2.889130717992565E-6	5.4696970873949795E-6
0.69	0.27778124893593525	3.537416117304893E-6	0.7222066847663213	2.8891308909023442E-6	5.639745712485674E-6
0.6799999999999999	0.27778126606407383	3.53741662429268E-6	0.7222064708241386	2.889131126624036E-6	5.836570083197449E-6
0.6699999999999999	0.27778129035117566	3.5374173196665853E-6	0.7222062122078439	2.8891314488320855E-6	6.070896434131573E-6
0.6599999999999999	0.27778132482108925	3.537418275925783E-6	0.7222058901039164	2.889131891423564E-6	6.358535939998831E-6
0.6499999999999999	0.27778137393743196	3.5374195992257443E-6	0.7222054762006065	2.889132503744915E-6	6.723304700673905E-6
0.64	0.2777814445406013	3.537421449609323E-6	0.7222049266957673	2.8891333608371514E-6	7.20221148929055E-6
0.63	0.2777815475825202	3.5374240824914164E-6	0.7222041705042902	2.889134582325538E-6	7.85535185109219E-6
0.62	0.27778170179518213	3.537427932558937E-6	0.722203085139617	2.889136372384031E-6	8.786503098871828E-6
0.61	0.2777819422517327	3.5374338122486457E-6	0.7222014400948662	2.889139112600206E-6	1.0191076689495218E-5
0.6	0.2777823435319524	3.5374434490671157E-6	0.7221987437446855	2.889143614331225E-6	1.2486133572405424E-5
0.59	0.27778309854306005	3.5374613129194435E-6	0.7221937227472645	2.8891519765527094E-6	1.6752099518058333E-5
0.5800000000000001	0.2777849126840055	3.5375037545749476E-6	0.7221817190922255	2.8891718740347432E-6	2.6941544306162332E-5
0.5700000000000001	0.27779422681397037	3.5377201275250277E-6	0.7221202085727184	2.88927330111973E-6	7.913761751870407E-5
0.56	0.29270923672834803	3.886985920306258E-6	0.6224019973574194	3.0454933201327523E-6	0.08488183343853183
0.55	0.3072159018955642	4.219719174689544E-6	0.5204465181951299	3.192542444629963E-6	0.17233016765346995
0.54	0.31894950225520413	4.47786690638767E-6	0.432811298426961	3.3070906382411E-6	0.24823141436027188
0.53	0.3283414965852757	4.673355358698135E-6	0.35760368641332735	3.394952980073359E-6	0.3140467486936865
0.52	0.33567478892224867	4.815298552797561E-6	0.29379843981931003	3.4601106221730225E-6	0.37051849584383506
0.51	0.3412245167708895	4.9125107181640475E-6	0.2402912098804687	3.5062212466732766E-6	0.41847585461750425
0.5	0.3452610349625664	4.973293961836075E-6	0.19586937598582718	3.5366767769798676E-6	0.4588610790868675
0.49	0.34803869005798577	5.005104091191741E-6	0.15929220738544772	3.5545207777807284E-6	0.4926605429278938
0.48	0.34978666952821547	5.0143654307292945E-6	0.12936761118859583	3.5623908744946356E-6	0.5208371425320465
0.47	0.3507043355522516	5.006433239985646E-6	0.10500375865375768	3.562505996145891E-6	0.5442833368492962
0.45999999999999996	0.3509603799606133	4.985656248984122E-6	0.08523576812936325	3.55668838107969E-6	0.5637953095702459
0.44999999999999996	0.3506945241412848	4.9554930773707595E-6	0.06923344675574161	3.5464059211509504E-6	0.5800635272112263
0.43999999999999995	0.3500206086326486	4.9186486163537065E-6	0.05629667569161539	3.5328229903710915E-6	0.59367426420617
0.42999999999999994	0.34903022917565096	4.87720913274869E-6	0.045843842853726474	3.5168518101453822E-6	0.6051175339103396
0.42000000000000004	0.34779638289437265	4.832764713053343E-6	0.03739717307336847	3.4991998105748942E-6	0.614798112072514
0.41000000000000003	0.34637682675321846	4.7865142911313385E-6	0.0305674260560957	3.4804108903907334E-6	0.6230474802691677
0.4	0.3448170129074885	4.739352480441468E-6	0.02503938882493307	3.4609000207730364E-6	0.6301353980105361
0.39	0.3431525663478525	4.6919395373411684E-6	0.020558875105808366	3.4409815067708718E-6	0.6362804256233713
0.38	0.34141132604912827	4.644756697036625E-6	0.016921492848452287	3.4208916337565764E-6	0.6416591154477442
0.37	0.3396149977046262	4.5981493519015785E-6	0.013963178364357051	3.400806564136626E-6	0.6464138249813585
0.36	0.3377804754387434	4.552360407302776E-6	0.011552357846359452	3.3808563378339493E-6	0.6506592335050005
0.35	0.33592088924755686	4.507555857222632E-6	0.009583537217708951	3.3611357440233946E-6	0.6544877048521062
0.33999999999999997	0.33404642979177956	4.463844283765947E-6	0.007972106867756727	3.341712717000692E-6	0.6579736577760571
0.32999999999999996	0.33216499488728807	4.421291660075118E-6	0.00665015785897771	3.3226347944813586E-6	0.6611771033286624
0.31999999999999995	0.3302826946302338	4.379932548701189E-6	0.005563127735327289	3.3039340714377876E-6	0.6641464937710886
0.30999999999999994	0.3284042453166969	4.339778550130909E-6	0.0046671195536874144	3.2856309917192612E-6	0.6669210097171228
0.29999999999999993	0.3265332762780816	4.300824659032862E-6	0.003926763119137452	3.267737246145362E-6	0.6695323920383013
0.29000000000000004	0.3246725686952578	4.263054035511868E-6	0.0033135105688275246	3.250257984904786E-6	0.6720064074238108
0.28	0.3228242415768495	4.226441576671695E-6	0.002804278622994355	3.23319350424434E-6	0.6743640201698204
0.27	0.32098989656231874	4.19095658155468E-6	0.002380366846548913	3.2165405325291606E-6	0.676622329099205
0.26	0.3191707307994627	4.156564732185803E-6	0.0020265953394225785	3.2002932084240535E-6	0.6787953170085199
0.25	0.3173676249703131	4.1232295586274715E-6	0.0017306167456960734	3.184443824652486E-6	0.680894450610346
0.24	0.3155812120823392	4.090913515718942E-6	0.001482366722152377	3.1689833925913166E-6	0.6829291612960525
0.22999999999999998	0.31381193121710743	4.059578767578492E-6	0.001273624416473885	3.1539020691419976E-6	0.6849072308919809
0.21999999999999997	0.31206006963115307	4.029187752059349E-6	0.0010976604080075785	3.1391894795331615E-6	0.6868351015777382
0.20999999999999996	0.3103257957818616	3.999703580722722E-6	9.489542509708042E-4	3.124834959294251E-6	0.6887181254326888
0.19999999999999996	0.30860918521668396	3.971090315083224E-6	8.229674704740164E-4	3.11082773539344E-6	0.6905607653909708
0.18999999999999995	0.3069102409910127	3.943313151392328E-6	7.159607986070054E-4	3.0971570601452224E-6	0.6923667577409749
0.17999999999999994	0.3052289096700362	3.916338536133114E-6	6.248467560128827E-4	3.0838123095872764E-6	0.6941392434189543
0.16999999999999993	0.3035650940144532	3.890134231635225E-6	5.470705189549171E-4	3.07078305443876E-6	0.6958808745489539
0.16000000000000003	0.30191866293816516	3.864669344705573E-6	4.805134586626587E-4	3.0580591098786474E-6	0.6975939008761345
0.15000000000000002	0.30028945941008195	3.8399143276038365E-6	4.2341488659743695E-4	3.0456305701057095E-6	0.6992802401640389
0.14	0.2986773066956081	3.815840960711266E-6	3.743084442558982E-4	3.033487830101772E-6	0.7009415355281196
0.13	0.2970820132914586	3.7924223210564576E-6	3.3197029533220976E-4	3.021621599076129E-6	0.7025792023644709
0.12	0.29550337683736566	3.769632741907403E-6	2.9537684672534075E-4	3.0100229062781346E-6	0.7041944666611064
0.10999999999999999	0.2939411872066591	3.7474477663872166E-6	2.6367017761759286E-4	2.998683102511985E-6	0.7057883964791428
0.09999999999999998	0.2923952289848017	3.725844097686683E-6	2.3612971551348775E-4	2.9875938571760567E-6	0.7073619278616804
0.08999999999999997	0.29086528337570294	3.7047995468717307E-6	2.121489846719552E-4	2.9767471528506512E-6	0.7089158860856242
0.07999999999999996	0.28935112978801986	3.684292981129607E-6	1.9121648115539498E-4	2.9661352783444037E-6	0.7104510032998531
0.06999999999999995	0.28785254699701723	3.6643042715627748E-6	1.7289991133431762E-4	2.9557508195010913E-6	0.7119679330450541
0.05999999999999994	0.28636931412598493	3.6448142425910516E-6	1.5683317715928049E-4	2.9455866499325087E-6	0.7134672622968558
0.04999999999999993	0.2849012114020742	3.62580462255936E-6	1.4270560872918015E-4	2.935635920733676E-6	0.7149495215464046
0.040000000000000036	0.28344802073545045	3.6072579965338195E-6	1.302530390536862E-4	2.925892049976726E-6	0.71641519307197
0.030000000000000027	0.28200952615870806	3.58915776055284E-6	1.1925039174851018E-4	2.916348712321555E-6	0.7178647179393006
0.020000000000000018	0.280585514207096	3.571488078547434E-6	1.0950551351382343E-4	2.9069998285489613E-6	0.7192985017900403
0.010000000000000009	0.2791757741614599	3.554233841071754E-6	1.0085403276620578E-4	2.8978395549627628E-6	0.7207169197323267