tradeoff	uninfected	susceptible_drugA	susceptible_drugB	resistantA_drugA	resistantA_drugB	resistantB_drugA	resistantB_drugB	multiResist_drugA	multiResist_drugB
0.99	0.37037313356645196	2.764192834299722E-6	2.764192834299722E-6	0.20987183262858486	0.10493688972510126	0.10493688972510126	0.20987183262858486	1.946683596553403E-6	1.946683596553403E-6
0.98	0.3703731335663079	2.764192834281835E-6	2.764192834281835E-6	0.20987179246692603	0.10493686964435778	0.10493686964435778	0.20987179246692603	2.0069145095331E-6	2.0069145095331E-6
0.97	0.37037313356630464	2.764192834281725E-6	2.764192834281725E-6	0.20987175058404245	0.10493684873069536	0.10493684873069536	0.20987175058404245	2.0697083999055353E-6	2.0697083999055353E-6
0.96	0.37037313356629453	2.76419283428141E-6	2.76419283428141E-6	0.20987170690813978	0.10493682687294437	0.10493682687294437	0.20987170690813978	2.1352324155826908E-6	2.1352324155826908E-6
0.95	0.3703731335662911	2.764192834280189E-6	2.764192834280189E-6	0.20987166127529017	0.10493680405647965	0.10493680405647965	0.20987166127529017	2.203668561585847E-6	2.203668561585847E-6
0.94	0.3703731335662541	2.764192834280078E-6	2.764192834280078E-6	0.20987161362115786	0.10493678022941073	0.10493678022941073	0.20987161362115786	2.2752153908684607E-6	2.2752153908684607E-6
0.9299999999999999	0.3703731335662502	2.764192834279762E-6	2.764192834279762E-6	0.20987156368694435	0.10493675526230245	0.10493675526230245	0.20987156368694435	2.3500899241834365E-6	2.3500899241834365E-6
0.92	0.3703731335662401	2.7641928342796397E-6	2.7641928342796397E-6	0.209871511408884	0.10493672912323829	0.10493672912323829	0.209871511408884	2.428529852525438E-6	2.428529852525438E-6
0.91	0.37037313356623647	2.764192834275141E-6	2.764192834275141E-6	0.20987145652450723	0.10493670169838928	0.10493670169838928	0.20987145652450723	2.5107960577008395E-6	2.5107960577008395E-6
0.9	0.3703731335656607	2.7641928342750365E-6	2.7641928342750365E-6	0.20987139897582505	0.10493667289852335	0.10493667289852335	0.20987139897582505	2.59717551106789E-6	2.59717551106789E-6
0.89	0.37037313356565005	2.764192834274742E-6	2.764192834274742E-6	0.20987133843948533	0.10493664263047656	0.10493664263047656	0.20987133843948533	2.68798462122342E-6	2.68798462122342E-6
0.88	0.37037313356564644	2.764192834274717E-6	2.764192834274717E-6	0.20987127467818423	0.10493661077556096	0.10493661077556096	0.20987127467818423	2.7835731119140026E-6	2.7835731119140026E-6
0.87	0.37037313356560714	2.764192834274717E-6	2.764192834274717E-6	0.2098712075106132	0.10493657718987157	0.10493657718987157	0.2098712075106132	2.8843285253269662E-6	2.8843285253269662E-6
0.86	0.3703731335655964	2.7641928342750293E-6	2.7641928342750293E-6	0.2098711366092561	0.10493654174069823	0.10493654174069823	0.2098711366092561	2.9906814874480727E-6	2.9906814874480727E-6
0.85	0.370373133565593	2.7641928342796316E-6	2.7641928342796316E-6	0.2098710616442264	0.10493650425855888	0.10493650425855888	0.2098710616442264	3.1031118758778564E-6	3.1031118758778564E-6
0.84	0.3703731335654495	2.7641928342801826E-6	2.7641928342801826E-6	0.20987098232512647	0.10493646457320835	0.10493646457320835	0.20987098232512647	3.2221560831890144E-6	3.2221560831890144E-6
0.83	0.3703731335654489	2.764192834299853E-6	2.764192834299853E-6	0.20987089814054208	0.10493642248886538	0.10493642248886538	0.20987089814054208	3.3484156177833918E-6	3.3484156177833918E-6
0.8200000000000001	0.37037313356559276	2.7641928343069637E-6	2.7641928343069637E-6	0.20987080867373942	0.1049363777732771	0.1049363777732771	0.20987080867373942	3.4825673354025597E-6	3.4825673354025597E-6
0.81	0.3703731335656064	2.7641928349497588E-6	2.7641928349497588E-6	0.20987071350435801	0.1049363301707706	0.1049363301707706	0.20987071350435801	3.625375676436701E-6	3.625375676436701E-6
0.8	0.37037313356566093	2.7641928350500657E-6	2.7641928350500657E-6	0.209870611925383	0.10493627939872298	0.10493627939872298	0.209870611925383	3.777707398867253E-6	3.777707398867253E-6
0.79	0.3703731335663072	2.764192835372643E-6	2.764192835372643E-6	0.20987050339275426	0.10493622510693867	0.10493622510693867	0.20987050339275426	3.940549426317854E-6	3.940549426317854E-6
0.78	0.37037313356886925	2.7641928355069608E-6	2.7641928355069608E-6	0.209870387070771	0.10493616695368692	0.10493616695368692	0.209870387070771	4.115030612842708E-6	4.115030612842708E-6
0.77	0.3703731335699381	2.7641928356565468E-6	2.7641928356565468E-6	0.20987026209575071	0.10493610448456005	0.10493610448456005	0.20987026209575071	4.302448493875123E-6	4.302448493875123E-6
0.76	0.3703731335733891	2.7641928368282318E-6	2.7641928368282318E-6	0.20987012751961984	0.10493603719721185	0.10493603719721185	0.20987012751961984	4.504302419709494E-6	4.504302419709494E-6
0.75	0.3703731335846176	2.764192837432479E-6	2.764192837432479E-6	0.20986998217826353	0.10493596451103962	0.10493596451103962	0.20986998217826353	4.722334942312331E-6	4.722334942312331E-6
0.74	0.37037313362854934	2.7641928390932847E-6	2.7641928390932847E-6	0.20986982466683612	0.10493588575632691	0.10493588575632691	0.20986982466683612	4.9585839908437736E-6	4.9585839908437736E-6
0.73	0.37037313373304925	2.76419284098386E-6	2.76419284098386E-6	0.20986965336152302	0.10493580013281938	0.10493580013281938	0.20986965336152302	5.215449298859301E-6	5.215449298859301E-6
0.72	0.37037313379935305	2.764192844287889E-6	2.764192844287889E-6	0.2098694664630285	0.10493570669435179	0.10493570669435179	0.2098694664630285	5.495777838436543E-6	5.495777838436543E-6
0.71	0.37037313387515536	2.7641928480554845E-6	2.7641928480554845E-6	0.20986926159782954	0.10493560427691608	0.10493560427691608	0.20986926159782954	5.802974986749893E-6	5.802974986749893E-6
0.7	0.3703731340536593	2.7641928537079543E-6	2.7641928537079543E-6	0.20986903607586127	0.10493549155865756	0.10493549155865756	0.20986903607586127	6.141150881244779E-6	6.141150881244779E-6
0.69	0.37037313432687025	2.7641928616234548E-6	2.7641928616234548E-6	0.20986878650687588	0.10493536682262516	0.10493536682262516	0.20986878650687588	6.515315692391842E-6	6.515315692391842E-6
0.6799999999999999	0.3703731347297468	2.7641928722732614E-6	2.7641928722732614E-6	0.2098685087665593	0.10493522802188802	0.10493522802188802	0.2098685087665593	6.931643859605092E-6	6.931643859605092E-6
0.6699999999999999	0.3703731352042941	2.764192886592895E-6	2.764192886592895E-6	0.20986819776470728	0.10493507259852047	0.10493507259852047	0.20986819776470728	7.397837316035328E-6	7.397837316035328E-6
0.6599999999999999	0.3703731359532078	2.7641929064336347E-6	2.7641929064336347E-6	0.2098678468948693	0.10493489731663513	0.10493489731663513	0.2098678468948693	7.92363347257892E-6	7.92363347257892E-6
0.6499999999999999	0.3703731370037792	2.7641929331041688E-6	2.7641929331041688E-6	0.20986744783982572	0.10493469796767119	0.10493469796767119	0.20986744783982572	8.521529529979037E-6	8.521529529979037E-6
0.64	0.37037313844457687	2.7641929688816364E-6	2.7641929688816364E-6	0.2098669896364131	0.10493446911438144	0.10493446911438144	0.2098669896364131	9.20783808764714E-6	9.20783808764714E-6
0.63	0.37037314039158137	2.76419301834451E-6	2.76419301834451E-6	0.2098664577610649	0.1049342035551286	0.1049342035551286	0.2098664577610649	1.0004264379730322E-5	1.0004264379730322E-5
0.62	0.37037314317551745	2.7641930842393224E-6	2.7641930842393224E-6	0.2098658324685203	0.10493389139951055	0.10493389139951055	0.2098658324685203	1.0940331636243332E-5	1.0940331636243332E-5
0.61	0.3703731470750091	2.7641931743677183E-6	2.7641931743677183E-6	0.20986508612368285	0.1049335189163535	0.1049335189163535	0.20986508612368285	1.2057237739880406E-5	1.2057237739880406E-5
0.6	0.3703731524878876	2.7641932969309866E-6	2.7641932969309866E-6	0.20986417901407997	0.10493306630898519	0.10493306630898519	0.20986417901407997	1.3414234937049958E-5	1.3414234937049958E-5
0.59	0.3703731601272573	2.764193465558004E-6	2.764193465558004E-6	0.2098630518965861	0.10493250412377118	0.10493250412377118	0.2098630518965861	1.5099693732779036E-5	1.5099693732779036E-5
0.5800000000000001	0.37037317105482676	2.764193700483526E-6	2.764193700483526E-6	0.20986161252937355	0.10493178632251893	0.10493178632251893	0.20986161252937355	1.7251424267782396E-5	1.7251424267782396E-5
0.5700000000000001	0.37037318688931764	2.764194035009938E-6	2.764194035009938E-6	0.20985970852650723	0.1049308370725085	0.1049308370725085	0.20985970852650723	2.009676158442027E-5	2.009676158442027E-5
0.56	0.37037321069553264	2.764194528496082E-6	2.764194528496082E-6	0.20985706953800007	0.10492952172520707	0.10492952172520707	0.20985706953800007	2.4039188953467115E-5	2.4039188953467115E-5
0.55	0.3703732483511035	2.7641952956340043E-6	2.7641952956340043E-6	0.20985316567301115	0.10492757626728516	0.10492757626728516	0.20985316567301115	2.986967843114881E-5	2.986967843114881E-5
0.54	0.37037331290555997	2.7641965930774874E-6	2.7641965930774874E-6	0.2098467976076912	0.10492440331798694	0.10492440331798694	0.2098467976076912	3.9378420921792635E-5	3.9378420921792635E-5
0.53	0.37037344185258764	2.7641991552469607E-6	2.7641991552469607E-6	0.209834551910797	0.10491830255968083	0.10491830255968083	0.209834551910797	5.766038407445984E-5	5.766038407445984E-5
0.52	0.37037380062976416	2.764206221601685E-6	2.764206221601685E-6	0.209801314515448	0.10490174508813556	0.10490174508813556	0.209801314515448	1.072758760786223E-4	1.072758760786223E-4
0.51	0.3703785205865221	2.764298743713896E-6	2.764298743713896E-6	0.209369451265515	0.10468661610528049	0.10468661610528049	0.209369451265515	7.519080413319483E-4	7.519080413319483E-4
0.5	0.37037185726103494	2.7641679985281415E-6	2.7641679985281415E-6	2.366966275790629E-4	1.1872651315442823E-4	1.1872651315442823E-4	2.366966275790629E-4	0.31445588404414326	0.31445588404414326
0.49	0.3679202381154062	2.7178881557398047E-6	2.7178881557398047E-6	1.1153913061436067E-4	5.59280591344963E-5	5.59280591344963E-5	1.1153913061436067E-4	0.31586969588678776	0.31586969588678776
0.48	0.3655000762268146	2.6740314761075046E-6	2.6740314761075046E-6	7.328972918657411E-5	3.673711049416805E-5	3.673711049416805E-5	7.328972918657411E-5	0.3171372609895239	0.3171372609895239
0.47	0.3631113700847297	2.6324225945372455E-6	2.6324225945372455E-6	5.475511037115907E-5	2.7438386891342152E-5	2.7438386891342152E-5	5.475511037115907E-5	0.3183594890220911	0.3183594890220911
0.45999999999999996	0.3607536171930149	2.5928947485376226E-6	2.5928947485376226E-6	4.381702439050564E-5	2.19513427774577E-5	2.19513427774577E-5	4.381702439050564E-5	0.31955483013914915	0.31955483013914915
0.44999999999999996	0.3584262534693855	2.555296151290398E-6	2.555296151290398E-6	3.6600611198117015E-5	1.833169065428465E-5	1.833169065428465E-5	3.6600611198117015E-5	0.32072938567506576	0.32072938567506576
0.43999999999999995	0.35612870908288746	2.5194891370271826E-6	2.5194891370271826E-6	3.148368720786929E-5	1.5765463345449003E-5	1.5765463345449003E-5	3.148368720786929E-5	0.32188587682428266	0.32188587682428266
0.42999999999999994	0.35386042139656315	2.4853487303767616E-6	2.4853487303767616E-6	2.766740890062562E-5	1.3851820371546674E-5	1.3851820371546674E-5	2.766740890062562E-5	0.3230257847040824	0.3230257847040824
0.42000000000000004	0.35162083890409224	2.452761273924517E-6	2.452761273924517E-6	2.47126900766041E-5	1.237043724154621E-5	1.237043724154621E-5	2.47126900766041E-5	0.3241500446880872	0.3241500446880872
0.41000000000000003	0.34940942219790333	2.421623194138297E-6	2.421623194138297E-6	2.2358144689397553E-5	1.1190154990722852E-5	1.1190154990722852E-5	2.2358144689397553E-5	0.32525931897737664	0.32525931897737664
0.4	0.34722564470262784	2.3918399190054835E-6	2.3918399190054835E-6	2.0438428900868675E-5	1.022800674891021E-5	1.022800674891021E-5	2.0438428900868675E-5	0.32635411938182196	0.32635411938182196
0.39	0.3450689923641065	2.363324921884839E-6	2.363324921884839E-6	1.88438249324421E-5	9.42893808793309E-6	9.42893808793309E-6	1.88438249324421E-5	0.3274348676993501	0.3274348676993501
0.38	0.3429389635415218	2.335998887659395E-6	2.335998887659395E-6	1.749865256781947E-5	8.754974454416763E-6	8.754974454416763E-6	1.749865256781947E-5	0.32850192860157945	0.32850192860157945
0.37	0.3408350686036658	2.30978897809982E-6	2.30978897809982E-6	1.6349012887097055E-5	8.17907122296976E-6	8.17907122296976E-6	1.6349012887097055E-5	0.3295556278694132	0.3295556278694132
0.36	0.33875682988672107	2.284628183294275E-6	2.284628183294275E-6	1.5355473891199134E-5	7.681443432017037E-6	7.681443432017037E-6	1.5355473891199134E-5	0.33059626352072036	0.33059626352072036
0.35	0.33670378109895155	2.2604547524920346E-6	2.2604547524920346E-6	1.4488519447510109E-5	7.247282084850741E-6	7.247282084850741E-6	1.4488519447510109E-5	0.3316241131946868	0.3316241131946868
0.33999999999999997	0.33467546726403535	2.237211685937801E-6	2.237211685937801E-6	1.3725615568186247E-5	6.865281977587005E-6	6.865281977587005E-6	1.3725615568186247E-5	0.33263943827085674	0.33263943827085674
0.32999999999999996	0.3326714441034315	2.2148462892719866E-6	2.2148462892719866E-6	1.304926076371423E-5	6.526663326214917E-6	6.526663326214917E-6	1.304926076371423E-5	0.33364248718109657	0.33364248718109657
0.31999999999999995	0.33069127799624554	2.1933097726078153E-6	2.1933097726078153E-6	1.2445655614027226E-5	6.224504121786476E-6	6.224504121786476E-6	1.2445655614027226E-5	0.3346334975213593	0.3346334975213593
0.30999999999999994	0.32873454552215703	2.1725568969039206E-6	2.1725568969039206E-6	1.1903773548934195E-5	5.953273788817485E-6	5.953273788817485E-6	1.1903773548934195E-5	0.33561269760353957	0.33561269760353957
0.29999999999999993	0.3268008332272986	2.1525456553323514E-6	2.1525456553323514E-6	1.1414698307085467E-5	5.708500700588272E-6	5.708500700588272E-6	1.1414698307085467E-5	0.33658030766867014	0.33658030766867014
0.29000000000000004	0.324889737259948	2.133236991681621E-6	2.133236991681621E-6	1.0971142833340464E-5	5.486530713906926E-6	5.486530713906926E-6	1.0971142833340464E-5	0.33753654042725667	0.33753654042725667
0.28	0.32300086319940313	2.1145945446143837E-6	2.1145945446143837E-6	1.0567094093999772E-5	5.284348923785721E-6	5.284348923785721E-6	1.0567094093999772E-5	0.33848160233505303	0.33848160233505303
0.27	0.32113382571599297	2.096584418363819E-6	2.096584418363819E-6	1.0197546965649672E-5	5.099446103883516E-6	5.099446103883516E-6	1.0197546965649672E-5	0.3394156935766836	0.3394156935766836
0.26	0.31928824841306197	2.0791749790202105E-6	2.0791749790202105E-6	9.858302129040266E-6	4.92971727674475E-6	4.92971727674475E-6	9.858302129040266E-6	0.3403390086392758	0.3403390086392758
0.25	0.31746376329107884	2.062336667701266E-6	2.062336667701266E-6	9.545810707589012E-6	4.77338374305407E-6	4.77338374305407E-6	9.545810707589012E-6	0.3412517368039998	0.3412517368039998
0.24	0.31566001094162655	2.0460418339196393E-6	2.0460418339196393E-6	9.257053481959392E-6	4.628932468301828E-6	4.628932468301828E-6	9.257053481959392E-6	0.34215406252264996	0.34215406252264996
0.22999999999999998	0.3138766398889085	2.0302645838615937E-6	2.0302645838615937E-6	8.989446029566296E-6	4.4950684810797175E-6	4.4950684810797175E-6	8.989446029566296E-6	0.34304616528914206	0.34304616528914206
0.21999999999999997	0.3121133067190466	2.014980642003262E-6	2.014980642003262E-6	8.740763512636035E-6	4.370677129764051E-6	4.370677129764051E-6	8.740763512636035E-6	0.3439282202161658	0.3439282202161658
0.20999999999999996	0.3103696755799493	2.000167228298613E-6	2.000167228298613E-6	8.50908053056234E-6	4.254793900223274E-6	4.254793900223274E-6	8.50908053056234E-6	0.34480039820001546	0.34480039820001546
0.19999999999999996	0.3086454181256871	1.9858029442545865E-6	1.9858029442545865E-6	8.29272261899752E-6	4.1465800867330835E-6	4.1465800867330835E-6	8.29272261899752E-6	0.34566286584660294	0.34566286584660294
0.18999999999999995	0.3069402131617677	1.971867668298346E-6	1.971867668298346E-6	8.090226862809885E-6	4.0453030309982235E-6	4.0453030309982235E-6	8.090226862809885E-6	0.3465157859809617	0.3465157859809617
0.17999999999999994	0.30525374675428113	1.9583424648094067E-6	1.9583424648094067E-6	7.900309673379478E-6	3.950319958962491E-6	3.950319958962491E-6	7.900309673379478E-6	0.34735931764649164	0.34735931764649164
0.16999999999999993	0.3035857116505419	1.9452094949001783E-6	1.9452094949001783E-6	7.721840276533668E-6	3.861064678097232E-6	3.861064678097232E-6	7.721840276533668E-6	0.3481936160773381	0.3481936160773381
0.16000000000000003	0.30193580735751313	1.9324519405337255E-6	1.9324519405337255E-6	7.55381873318661E-6	3.7770365589625312E-6	3.7770365589625312E-6	7.55381873318661E-6	0.3490188329754964	0.3490188329754964
0.15000000000000002	0.30030373993977977	1.9200539309593876E-6	1.9200539309593876E-6	7.3953576495854475E-6	3.6977913634550974E-6	3.6977913634550974E-6	7.3953576495854475E-6	0.349835116866188	0.349835116866188
0.14	0.29868922152025923	1.9080004782456608E-6	1.9080004782456608E-6	7.245666854832012E-6	3.622933558054741E-6	3.622933558054741E-6	7.245666854832012E-6	0.35064261265140945	0.35064261265140945
0.13	0.29709197077147476	1.8962774153062482E-6	1.8962774153062482E-6	7.1040405052417355E-6	3.5521098507004837E-6	3.5521098507004837E-6	7.1040405052417355E-6	0.35144146221519384	0.35144146221519384
0.12	0.2955117120184501	1.8848713418725973E-6	1.8848713418725973E-6	6.969846176670031E-6	3.485003726930949E-6	3.485003726930949E-6	6.969846176670031E-6	0.3522318042778065	0.3522318042778065
0.10999999999999999	0.2939481756140134	1.8737695726376277E-6	1.8737695726376277E-6	6.842515616475433E-6	3.421330803034283E-6	3.421330803034283E-6	6.842515616475433E-6	0.3530137745985101	0.3530137745985101
0.09999999999999998	0.2924010974765484	1.8629600901401823E-6	1.8629600901401823E-6	6.721536824766482E-6	3.3608348727127807E-6	3.3608348727127807E-6	6.721536824766482E-6	0.35378750594168346	0.35378750594168346
0.08999999999999997	0.290870219079182	1.8524315006406984E-6	1.8524315006406984E-6	6.606447307668754E-6	3.3032845120605403E-6	3.3032845120605403E-6	6.606447307668754E-6	0.35455312830149033	0.35455312830149033
0.07999999999999996	0.2893552873506965	1.8421729964403648E-6	1.8421729964403648E-6	6.496828249674921E-6	3.2484701680265775E-6	3.2484701680265775E-6	6.496828249674921E-6	0.35531076882415225	0.35531076882415225
0.06999999999999995	0.28785605447018525	1.832174316306156E-6	1.832174316306156E-6	6.392299500590446E-6	3.1962016429057567E-6	3.1962016429057567E-6	6.392299500590446E-6	0.35606055211701354	0.35606055211701354
0.05999999999999994	0.2863722775143923	1.8224257127259638E-6	1.8224257127259638E-6	6.292515229842984E-6	3.1463059198933866E-6	3.1463059198933866E-6	6.292515229842984E-6	0.356802599973885	0.356802599973885
0.04999999999999993	0.28490371885568244	1.8129179197146986E-6	1.8129179197146986E-6	6.1971601505825395E-6	3.0986252715155773E-6	3.0986252715155773E-6	6.1971601505825395E-6	0.3575370318722536	0.3575370318722536
0.040000000000000036	0.2834501454844978	1.8036421227767143E-6	1.8036421227767143E-6	6.105946238484981E-6	3.0530156127947457E-6	3.0530156127947457E-6	6.105946238484981E-6	0.3582639646928286	0.3582639646928286
0.030000000000000027	0.28201132919038163	1.7945899335576216E-6	1.7945899335576216E-6	6.018609849768914E-6	3.0093450616692535E-6	3.0093450616692535E-6	6.018609849768914E-6	0.35898351289607844	0.35898351289607844
0.020000000000000018	0.28058704640119186	1.7857533627450442E-6	1.7857533627450442E-6	5.934909207572326E-6	2.9674926794977388E-6	2.9674926794977388E-6	5.934909207572326E-6	0.3596957886871621	0.3596957886871621
0.010000000000000009	0.2791770780228451	1.7771247966429662E-6	1.7771247966429662E-6	5.854622181646668E-6	2.9273473578885664E-6	2.9273473578885664E-6	5.854622181646668E-6	0.3604009018887093	0.3604009018887093
