tradeoff	uninfected	susceptible	resistantA	resistantB	multiResistant
0.99	0.42245492227003456	1.0285583101676116E-5	0.3325582169017413	0.2449714735931268	5.101648382854743E-6
0.98	0.4224549231622926	1.0285583099719993E-5	0.3325580843123205	0.2449713759190193	5.33101893082138E-6
0.97	0.42245492413269414	1.0285583097365569E-5	0.3325579421883293	0.24497127122381915	5.576885060399116E-6
0.96	0.4224549251576336	1.0285583094725023E-5	0.332557789455908	0.24497115871002745	5.841092614989727E-6
0.95	0.4224549262856749	1.0285583092208066E-5	0.33255762488380863	0.24497103747250623	6.125773506545356E-6
0.94	0.42245492748474933	1.0285583089289558E-5	0.33255744705454887	0.2449709064696976	6.4334033667240165E-6
0.9299999999999999	0.42245492880082947	1.0285583086409946E-5	0.3325572542770679	0.2449707644684313	6.766873727734366E-6
0.92	0.42245493021692826	1.0285583083147931E-5	0.33255704460804614	0.24497061000942913	7.129583188503278E-6
0.91	0.42245493177300647	1.0285583079348788E-5	0.3325568157030491	0.24497044138680782	7.525553663148419E-6
0.9	0.42245493346603025	1.028558307522097E-5	0.33255656480619955	0.24497025655203394	7.959580144559594E-6
0.89	0.4224549353427984	1.0285583071287566E-5	0.3325562885742305	0.2449700530630238	8.437425829165854E-6
0.88	0.42245493741944756	1.028558306615868E-5	0.3325559829812228	0.24496982793833122	8.966079483248564E-6
0.87	0.4224549397314069	1.028558306082047E-5	0.33255564305159324	0.2449695775302857	9.5540995133195E-6
0.86	0.42245494230875386	1.0285583054768992E-5	0.3325552626960311	0.24496929733774664	1.0212080848685917E-5
0.85	0.4224549452182009	1.0285583048196517E-5	0.3325548342167367	0.24496898168622894	1.0953299007904216E-5
0.84	0.42245494851817617	1.0285583040235217E-5	0.3325543478714121	0.24496862341725056	1.1794615100246137E-5
0.83	0.4224549523004846	1.0285583031378837E-5	0.33255379109444244	0.2449682132573481	1.2757774028469927E-5
0.8200000000000001	0.4224549566662979	1.0285583021153798E-5	0.33255314739145886	0.24496773906204816	1.387131075250514E-5
0.81	0.4224549617654756	1.0285583009303444E-5	0.3325523946613422	0.24496718455501748	1.5173425031989547E-5
0.8	0.4224549678188529	1.0285582995095597E-5	0.3325515026811902	0.24496652746766678	1.671645179565642E-5
0.79	0.42245497509949875	1.0285582978060622E-5	0.33255042884202635	0.24496573640455382	1.8574065718530693E-5
0.78	0.42245498404396487	1.0285582957170549E-5	0.3325491112195152	0.2449647657609882	2.0853392527727395E-5
0.77	0.4224549952777289	1.028558293100036E-5	0.3325474561764087	0.2449635465437271	2.3716424935477957E-5
0.76	0.42245500981061135	1.0285582896817706E-5	0.332545315055811	0.24496196925484434	2.7420307666033467E-5
0.75	0.4224550293304755	1.0285582851212758E-5	0.3325424368704049	0.24495984899071596	3.239922598676633E-5
0.74	0.4224550569817599	1.028558278654135E-5	0.33253836189358715	0.24495684709752794	3.944844531781013E-5
0.73	0.4224550991593718	1.028558268783069E-5	0.33253214773540724	0.2449522693367952	5.0198188437250995E-5
0.72	0.4224551713397362	1.0285582519067802E-5	0.3325215104522993	0.24494443321816173	6.859940449823796E-5
0.71	0.42245532327893165	1.0285582163762703E-5	0.3324991182902736	0.24492793768920312	1.0733514994737762E-4
0.7	0.42245585046969947	1.0285580930930533E-5	0.33242142654362095	0.24487070486012513	2.4173254404642841E-4
0.69	0.42408380496075554	1.0181509813011054E-5	0.0011819189300056549	8.704915395303437E-4	0.573853603051424
0.6799999999999999	0.4208777064390699	9.701058167530262E-6	1.932999097105761E-4	1.422841540266253E-4	0.5787770084426802
0.6699999999999999	0.4177138060961778	9.274711832148469E-6	1.0653521274999715E-4	7.837354414978781E-5	0.5820920104195045
0.6599999999999999	0.4145967693958425	8.893809028589633E-6	7.412748287547514E-5	5.450172781054081E-5	0.5852657075765694
0.6499999999999999	0.4115258103326086	8.551451363040188E-6	5.718009101216926E-5	4.201784621865667E-5	0.5883664402653638
0.64	0.4084999706405607	8.24206971648724E-6	4.676058449539805E-5	3.4342346203235375E-5	0.591410684352778
0.63	0.40551828266562434	7.961118578824786E-6	3.970643946556125E-5	2.9145744995908503E-5	0.5944049040444934
0.62	0.4025797955107104	7.704851176833597E-6	3.461394188949161E-5	2.5394081099173754E-5	0.5973524916213598
0.61	0.39968358131466836	7.470151405637091E-6	3.076475002300515E-5	2.2558231209390233E-5	0.600255625555347
0.6	0.3968287367227431	7.254406489522051E-6	2.77531022483571E-5	2.0339315339759164E-5	0.6031159164419322
0.59	0.39401438304743197	7.055409301221146E-6	2.533247754524572E-5	1.8555748494894453E-5	0.6059346733242481
0.5800000000000001	0.39123966579797614	6.871282578192791E-6	2.3344457783815408E-5	1.7090841364797962E-5	0.6087130276170224
0.5700000000000001	0.3885037540469213	6.70041951700723E-6	2.1682597527217152E-5	1.5866187197812827E-5	0.6114519967344512
0.56	0.3858058397891003	6.5414367611538225E-6	2.0272726091400416E-5	1.4827152494133073E-5	0.6141525189047794
0.55	0.38314513716192117	6.393136863153401E-6	1.9061577125833532E-5	1.3934501675187858E-5	0.6168154736384251
0.54	0.3805208817412716	6.254478069682272E-6	1.800990875377819E-5	1.3159329449549034E-5	0.6194416945285292
0.53	0.37793232989919695	6.124549814553171E-6	1.7088173006010478E-5	1.2479870959502267E-5	0.6220319775132421
0.52	0.37537875801056525	6.0025526972472055E-6	1.627369657745861E-5	1.1879425161033405E-5	0.6245870863137637
0.51	0.37285946187758395	5.887782021912637E-6	1.5548791402362342E-5	1.1344963084514558E-5	0.6271077565725327
0.5	0.3703737560483855	5.779614175710174E-6	1.4899455893164237E-5	1.0866171188444663E-5	0.62959469870769
0.49	0.36792097323914175	5.67749529347635E-6	1.4314462111504226E-5	1.0434778973333893E-5	0.6320486000149489
0.48	0.3655004636746255	5.580931771544046E-6	1.3784701363909012E-5	1.004407695839938E-5	0.634470126604785
0.47	0.3631115945799215	5.489482288644045E-6	1.3302706736459285E-5	9.688564981239558E-6	0.6368599246521643
0.45999999999999996	0.3607537496312793	5.402751063416808E-6	1.2862299143843951E-5	9.36369148460999E-6	0.6392186216418083
0.44999999999999996	0.3584263283599273	5.320382126861052E-6	1.2458321166442814E-5	9.065657462889399E-6	0.6415468272759256
0.43999999999999995	0.3561287457182731	5.242054440001695E-6	1.2086434278945376E-5	8.791267099227069E-6	0.6438451345278974
0.42999999999999994	0.35386043158211966	5.167477711533178E-6	1.1742962524666826E-5	8.537812623107715E-6	0.6461141201564223
0.42000000000000004	0.35162083018926366	5.096388803320736E-6	1.1424770687380456E-5	8.302984568555077E-6	0.6483543456580835
0.41000000000000003	0.3494093998403337	5.028548626977154E-6	1.1129168389210807E-5	8.084801136124792E-6	0.6505663576511425
0.4	0.34722561230216	4.96373945946845E-6	1.0853833899761027E-5	7.88155206959258E-6	0.6527506885652393
0.39	0.34506895252973696	4.901762607268578E-6	1.0596753085643692E-5	7.691753687518667E-6	0.6549078571946542
0.38	0.34293891813607463	4.842436371894245E-6	1.0356170104541547E-5	7.5141125661523175E-6	0.6570383691414936
0.37	0.3408350191110024	4.785594271978464E-6	1.0130547288107794E-5	7.3474959875645774E-6	0.659142717253379
0.36	0.33875677735202336	4.73108348176137E-6	9.918532276434661E-6	7.190907731752694E-6	0.6612213821044202
0.35	0.3367037263863478	4.678763459338063E-6	9.718930921473553E-6	7.043468118346969E-6	0.6632748324318601
0.33999999999999997	0.3346754109572601	4.628504737361538E-6	9.530684806525978E-6	6.904397446933385E-6	0.6653035254639363
0.32999999999999996	0.33267138670884827	4.580187852637406E-6	9.352852496076587E-6	6.773002186583234E-6	0.6673079072498258
0.31999999999999995	0.33069121986995276	4.5337023983907845E-6	9.184593809970474E-6	6.6486633899114435E-6	0.6692884131722144
0.30999999999999994	0.32873448694721424	4.4889461819677996E-6	9.025156565368311E-6	6.5308269316374725E-6	0.6712454681221727
0.29999999999999993	0.32680077440780697	4.445824475223154E-6	8.873865352085183E-6	6.418995235863952E-6	0.673179486895278
0.29000000000000004	0.32488967837073385	4.404249344358771E-6	8.730111981093355E-6	6.31272024425466E-6	0.6750908745453229
0.28	0.32300080437275924	4.3641390527188464E-6	8.593347325094218E-6	6.211597402903425E-6	0.6769800265343612
0.27	0.32113376706020536	4.325417522935411E-6	8.463074318673655E-6	6.115260509274089E-6	0.6788473291848443
0.26	0.31928818995039154	4.288013856906376E-6	8.338841933230236E-6	6.023377270997698E-6	0.6806931598135824
0.25	0.3174637051364569	4.251861901222202E-6	8.220239966278886E-6	5.935645470308665E-6	0.6825178871053924
0.24	0.31565995310120665	4.21689985727221E-6	8.106894526337966E-6	5.851789636286327E-6	0.6843218713270943
0.22999999999999998	0.31387658243108946	4.183069928666663E-6	7.998464100120188E-6	5.771558149646499E-6	0.6861054644693376
0.21999999999999997	0.3121132496420344	4.150318002716599E-6	7.894636124399108E-6	5.694720716303967E-6	0.6878690106860913
0.20999999999999996	0.3103696188827492	4.1185933611146135E-6	7.795123980969262E-6	5.6210661538922634E-6	0.6896128463437752
0.19999999999999996	0.3086453618020386	4.0878484179866196E-6	7.699664359480488E-6	5.55040045071076E-6	0.6913373002783921
0.18999999999999995	0.30694015728508356	4.058038481698793E-6	7.60801493647441E-6	5.482545054052721E-6	0.6930426941228764
0.17999999999999994	0.3052536912732388	4.029121538605941E-6	7.519952324641302E-6	5.417335360748134E-6	0.6947293423185303
0.16999999999999993	0.30358565659071635	4.001058054617091E-6	7.435270258772827E-6	5.354619381302596E-6	0.696397552462411
0.16000000000000003	0.301935752709287	3.973810795501625E-6	7.353777986535064E-6	5.294256553442036E-6	0.6980476254442685
0.15000000000000002	0.30030368562660453	3.947344661832638E-6	7.275298837214151E-6	5.236116688678316E-6	0.6996798556071244
0.14	0.2986891676555387	3.9216265386105864E-6	7.199668946339162E-6	5.18007903202359E-6	0.7012945309859323
0.13	0.2970919172515989	3.8966251559004655E-6	7.126736114401196E-6	5.126031422804295E-6	0.7028919333704284
0.12	0.29551165888010994	3.8723109634370515E-6	7.056358789711501E-6	5.073869543255954E-6	0.7044723385847462
0.10999999999999999	0.29394812281720645	3.8486560128905274E-6	6.988405150635662E-6	5.023496245074643E-6	0.7060360166252803
0.09999999999999998	0.2924010450148579	3.8256338513612514E-6	6.922752286318712E-6	4.974820943071483E-6	0.7075832317732768
0.08999999999999997	0.29087016699489127	3.8032194225061337E-6	6.859285454355433E-6	4.927759070936297E-6	0.7091142427393193
0.07999999999999996	0.28935523561266496	3.781388975819376E-6	6.797897414687534E-6	4.882231588688026E-6	0.7106293028800195
0.06999999999999995	0.2878560030080515	3.7601199823581154E-6	6.738487825216311E-6	4.838164538814738E-6	0.7121286602144881
0.05999999999999994	0.2863722264066599	3.7393910569244622E-6	6.680962697069398E-6	4.795488644327328E-6	0.7136125577404636
0.04999999999999993	0.2849036680357646	3.719181887384333E-6	6.625233899509437E-6	4.754138943767803E-6	0.7150812334148119
0.040000000000000036	0.28345009494684104	3.6994731673352324E-6	6.5712187102611E-6	4.7140544604605215E-6	0.7165349203079344
0.030000000000000027	0.2820112789359514	3.6802465345309905E-6	6.518839406656297E-6	4.675177901597371E-6	0.7179738467903047
0.020000000000000018	0.2805869964358627	3.661484514668888E-6	6.4680228942408995E-6	4.637455384043707E-6	0.719398236600719
0.010000000000000009	0.27917702833050595	3.6431704675524953E-6	6.4187003676646365E-6	4.600836184380341E-6	0.7208083089649683
0.0	0.27778115990231717	3.6252885385978456E-6	6.370806999341369E-6	4.565272510711014E-6	0.7222042787269908