tradeoff	uninfected	susceptible	resistantA	resistantB	multiResistant
0.99	0.42245492226732867	1.0285583101653746E-5	0.244971473597445	0.33255821690363524	5.1016483828528774E-6
0.98	0.422454923166605	1.0285583099552625E-5	0.2449713759207818	0.33255808431066664	5.331018930772655E-6
0.97	0.42245492413040425	1.0285583097295231E-5	0.24497127121942422	0.3325579421819726	5.576885060316895E-6
0.96	0.42245492516624406	1.0285583094873135E-5	0.2449711587075195	0.3325577894505491	5.8410926150680005E-6
0.95	0.4224549262825092	1.0285583092263054E-5	0.2449710374769996	0.33255762488397506	6.125773506636867E-6
0.94	0.42245492748861585	1.028558308943771E-5	0.24497090647375258	0.33255744705123746	6.433403366770671E-6
0.9299999999999999	0.42245492879611357	1.0285583086382328E-5	0.24497076446637356	0.33255725428068134	6.766873727595435E-6
0.92	0.4224549302184623	1.0285583083052889E-5	0.24497061000755638	0.3325570446077201	7.129583188464269E-6
0.91	0.4224549317710936	1.0285583079420378E-5	0.2449704413845928	0.3325568157074505	7.525553663261076E-6
0.9	0.4224549334731843	1.0285583075437729E-5	0.2449702565556226	0.3325565648079102	7.959580144706956E-6
0.89	0.42245493534711237	1.028558307105774E-5	0.24497005306627262	0.33255628857763336	8.437425829233102E-6
0.88	0.4224549374203282	1.0285583066205268E-5	0.24496982794045374	0.3325559829765211	8.966079483132922E-6
0.87	0.42245493972644277	1.0285583060811145E-5	0.244969577533697	0.3325556430572737	9.554099513378607E-6
0.86	0.422454942307042	1.0285583054774509E-5	0.24496929733393583	0.3325552626950772	1.0212080848861268E-5
0.85	0.42245494521421134	1.0285583047974447E-5	0.24496898168804637	0.3325548342157718	1.095329900786921E-5
0.84	0.4224549485138883	1.0285583040258128E-5	0.24496862341559927	0.33255434787227817	1.1794615100350983E-5
0.83	0.4224549522915667	1.0285583031423723E-5	0.2449682132566783	0.3325537910945987	1.275777402873497E-5
0.8200000000000001	0.42245495665928695	1.0285583021209013E-5	0.24496773905973382	0.33255314738731884	1.387131075261341E-5
0.81	0.42245496176656316	1.0285583009263747E-5	0.24496718455732278	0.3325523946679536	1.5173425032016605E-5
0.8	0.42245496781889175	1.0285582995109051E-5	0.24496652746301742	0.33255150268326444	1.6716451795267804E-5
0.79	0.4224549751053028	1.0285582978067292E-5	0.24496573640231428	0.3325504288436512	1.857406571867394E-5
0.78	0.42245498404599235	1.0285582957157111E-5	0.24496476575627216	0.3325491112223154	2.0853392527914623E-5
0.77	0.42245499527634	1.0285582930893195E-5	0.2449635465403137	0.33254745617556325	2.3716424935863604E-5
0.76	0.42245500980504697	1.0285582896913799E-5	0.24496196925019564	0.332545315054215	2.7420307665733393E-5
0.75	0.4224550293352025	1.0285582851238541E-5	0.24495984898889608	0.3325424368670879	3.2399225987360694E-5
0.74	0.42245505698656466	1.0285582786571506E-5	0.24495684709451887	0.3325383618907855	3.9448445317665385E-5
0.73	0.4224550991538984	1.0285582687955948E-5	0.24495226934021574	0.33253214773488166	5.019818843630809E-5
0.72	0.4224551713353931	1.028558251914725E-5	0.2449444332229883	0.33252151045466244	6.859940449695973E-5
0.71	0.42245532328239815	1.0285582163792561E-5	0.2449279376910974	0.33249911829443574	1.0733514994529815E-4
0.7	0.4224558504778301	1.0285580930829916E-5	0.2448707048573052	0.33242142653989737	2.4173254404165226E-4
0.69	0.4240838024220461	1.0181509980542198E-5	8.708759386024633E-4	0.0011824409106518771	0.573852699218768
0.6799999999999999	0.42087770644696176	9.701058167532088E-6	1.4228415402881635E-4	1.9329990970922786E-4	0.5787770084310231
0.6699999999999999	0.417713806104075	9.274711832014778E-6	7.83735441502286E-5	1.0653521274786519E-4	0.5820920104270889
0.6599999999999999	0.4145967693990356	8.893809028461004E-6	5.4501727811639656E-5	7.412748287516614E-5	0.5852657075811464
0.6499999999999999	0.4115258103406942	8.551451363131212E-6	4.2017846217986364E-5	5.7180091011621726E-5	0.5883664402706107
0.64	0.4084999706422991	8.242069716403472E-6	3.43423462025327E-5	4.676058449449151E-5	0.5914106843574484
0.63	0.40551828265928025	7.961118578934566E-6	2.9145744995467446E-5	3.970643946522949E-5	0.594404904037551
0.62	0.40257979550857953	7.704851176933025E-6	2.5394081098854203E-5	3.461394189008253E-5	0.5973524916172116
0.61	0.3996835813103335	7.4701514055022896E-6	2.255823120928791E-5	3.076475002346751E-5	0.6002556255571094
0.6	0.39682873672690255	7.254406489423249E-6	2.0339315339688616E-5	2.775310224853409E-5	0.6031159164491545
0.59	0.3940143830545821	7.055409301147848E-6	1.855574849465598E-5	2.5332477545651573E-5	0.6059346733100199
0.5800000000000001	0.39123966579892194	6.871282578037354E-6	1.7090841365057635E-5	2.3344457784077358E-5	0.6087130276192282
0.5700000000000001	0.3885037540511651	6.700419517051414E-6	1.5866187197631653E-5	2.1682597527208804E-5	0.6114519967446954
0.56	0.3858058397891268	6.541436761154192E-6	1.4827152493982106E-5	2.0272726091610172E-5	0.6141525188955977
0.55	0.38314513715760823	6.393136863048667E-6	1.3934501675128025E-5	1.9061577126001143E-5	0.6168154736267003
0.54	0.38052088174968945	6.254478069719425E-6	1.3159329449383193E-5	1.8009908754095334E-5	0.6194416945339682
0.53	0.3779323299027056	6.124549814496126E-6	1.2479870959731428E-5	1.7088173005744804E-5	0.6220319775035532
0.52	0.3753787580145798	6.00255269719698E-6	1.187942516121727E-5	1.6273696577843202E-5	0.6245870863109821
0.51	0.3728594618810675	5.887782021853499E-6	1.1344963084428115E-5	1.5548791402043136E-5	0.6271077565818726
0.5	0.37037375605664574	5.779614175762833E-6	1.0866171188520166E-5	1.4899455893360278E-5	0.6295946987020844
0.49	0.3679209732381352	5.677495293565242E-6	1.0434778973333907E-5	1.4314462111208801E-5	0.6320486000255743
0.48	0.365500463672221	5.580931771498753E-6	1.004407695819168E-5	1.378470136375805E-5	0.6344701266176914
0.47	0.3631115945842328	5.489482288683507E-6	9.688564981097459E-6	1.3302706736204941E-5	0.6368599246616379
0.45999999999999996	0.3607537496286228	5.402751063386143E-6	9.363691484780581E-6	1.2862299143617886E-5	0.6392186216298179
0.44999999999999996	0.35842632836013966	5.320382126862734E-6	9.06565746282392E-6	1.2458321166694178E-5	0.6415468272789638
0.43999999999999995	0.3561287457264076	5.242054440017087E-6	8.791267099322805E-6	1.2086434279090095E-5	0.6438451345177654
0.42999999999999994	0.35386043157688885	5.167477711611795E-6	8.537812623074325E-6	1.174296252468016E-5	0.646114120170146
0.42000000000000004	0.3516208301934672	5.096388803216784E-6	8.30298456868672E-6	1.1424770687384898E-5	0.6483543456624868
0.41000000000000003	0.34940939983574176	5.028548627032252E-6	8.084801136164323E-6	1.1129168389283975E-5	0.6505663576460725
0.4	0.34722561230580046	4.96373945950666E-6	7.881552069438834E-6	1.08538338997355E-5	0.6527506885686952
0.39	0.34506895252675807	4.901762607168971E-6	7.691753687622305E-6	1.0596753085558123E-5	0.6549078572037125
0.38	0.34293891813918814	4.842436371937046E-6	7.514112566227855E-6	1.0356170104418602E-5	0.6570383691417463
0.37	0.3408350191099412	4.785594272021167E-6	7.347495987431197E-6	1.0130547287947203E-5	0.6591427172525033
0.36	0.3387567773579267	4.731083481729475E-6	7.190907731867686E-6	9.918532276577852E-6	0.6612213821187299
0.35	0.33670372639059465	4.678763459384944E-6	7.043468118422812E-6	9.71893092146668E-6	0.6632748324470203
0.33999999999999997	0.3346754109560352	4.628504737411033E-6	6.904397447047796E-6	9.530684806403548E-6	0.6653035254569409
0.32999999999999996	0.33267138670619634	4.5801878526635395E-6	6.773002186448475E-6	9.352852496171087E-6	0.6673079072513611
0.31999999999999995	0.3306912198719782	4.5337023983979055E-6	6.648663390014605E-6	9.184593809964894E-6	0.6692884131682842
0.30999999999999994	0.3287344869513542	4.488946182031801E-6	6.5308269315745956E-6	9.025156565464827E-6	0.6712454681191198
0.29999999999999993	0.3268007744060664	4.445824475181837E-6	6.418995235983121E-6	8.873865352263356E-6	0.6731794869089445
0.29000000000000004	0.3248896783716284	4.404249344410509E-6	6.312720244178057E-6	8.73011198121859E-6	0.6750908745468469
0.28	0.32300080437520723	4.36413905268635E-6	6.2115974029242845E-6	8.593347324948047E-6	0.6769800265410413
0.27	0.3211337670647273	4.32541752304272E-6	6.11526050924063E-6	8.46307431864414E-6	0.6788473291827208
0.26	0.31928818994671365	4.288013856971369E-6	6.0233772710228115E-6	8.33884193316709E-6	0.6806931598202889
0.25	0.31746370513276934	4.251861901195822E-6	5.935645470375562E-6	8.220239966426127E-6	0.6825178871198018
0.24	0.3156599530958695	4.216899857197578E-6	5.8517896363228954E-6	8.106894526281401E-6	0.6843218713201897
0.22999999999999998	0.31387658243374145	4.183069928688567E-6	5.771558149729332E-6	7.99846410017806E-6	0.6861054644741623
0.21999999999999997	0.31211324964049714	4.150318002778275E-6	5.694720716255932E-6	7.894636124485479E-6	0.6878690106847619
0.20999999999999996	0.3103696188866958	4.118593361145086E-6	5.621066153966397E-6	7.795123980968898E-6	0.6896128463297527
0.19999999999999996	0.3086453618052454	4.087848417963119E-6	5.550400450762413E-6	7.699664359588781E-6	0.6913373002816419
0.18999999999999995	0.3069401572860931	4.058038481742642E-6	5.482545054032974E-6	7.60801493656578E-6	0.693042694115391
0.17999999999999994	0.30525369127615276	4.0291215385689665E-6	5.417335360772267E-6	7.519952324577811E-6	0.6947293423145453
0.16999999999999993	0.3035856565873595	4.0010580545391706E-6	5.354619381246306E-6	7.435270258612501E-6	0.6963975524649869
0.16000000000000003	0.30193575270910133	3.973810795431219E-6	5.294256553431918E-6	7.353777986445689E-6	0.6980476254456688
0.15000000000000002	0.30030368562847853	3.947344661891005E-6	5.236116688680451E-6	7.2752988373236356E-6	0.6996798556112915
0.14	0.2986891676555387	3.921626538581916E-6	5.1800790320243055E-6	7.19966894625764E-6	0.7012945309698488
0.13	0.2970919172539543	3.896625155957854E-6	5.12603142279146E-6	7.126736114511402E-6	0.7028919333533853
0.12	0.29551165887737185	3.872310963424432E-6	5.073869543313178E-6	7.056358789655647E-6	0.7044723385833452
0.10999999999999999	0.29394812281150934	3.848656012831226E-6	5.023496245052391E-6	6.988405150775184E-6	0.7060360166312221
0.09999999999999998	0.2924010450198554	3.825633851292859E-6	4.9748209430803695E-6	6.922752286418815E-6	0.7075832317731692
0.08999999999999997	0.29087016699564017	3.803219422518677E-6	4.927759070872436E-6	6.859285454458366E-6	0.709114242740488
0.07999999999999996	0.2893552356176413	3.7813889758457042E-6	4.882231588591278E-6	6.797897414574599E-6	0.7106293028645462
0.06999999999999995	0.28785600301048425	3.760119982283324E-6	4.838164538785314E-6	6.738487825079478E-6	0.7121286602171084
0.05999999999999994	0.2863722264098197	3.7393910569710605E-6	4.795488644286646E-6	6.680962697071301E-6	0.7136125577478205
0.04999999999999993	0.28490366803107153	3.719181887451834E-6	4.754138943686216E-6	6.625233899562707E-6	0.7150812334141325
0.040000000000000036	0.28345009494223694	3.6994731672816284E-6	4.714054460358292E-6	6.571218710178802E-6	0.7165349203114455
0.030000000000000027	0.2820112789410722	3.680246534513219E-6	4.675177901481359E-6	6.518839406577387E-6	0.7179738467949203
0.020000000000000018	0.28058699643529306	3.6614845146326014E-6	4.637455383943145E-6	6.468022894356067E-6	0.7193982366018218
0.010000000000000009	0.2791770283270496	3.6431704675928907E-6	4.6008361843539726E-6	6.418700367697267E-6	0.7208083089660149
