tradeoff	uninfected	susceptible	resistantA	resistantB	multiResistant
0.99	0.2777812121677836	3.6253317765577677E-6	0.7222092674705195	2.94780460507989E-6	2.9472243331109816E-6
0.98	0.2777812121677759	3.625331776612813E-6	0.7222092079116809	2.947804605301153E-6	3.006776050439708E-6
0.97	0.27778121216777524	3.625331776763065E-6	0.722209147137384	2.9478046055451636E-6	3.0675556625948157E-6
0.96	0.27778121216777524	3.6253317768318667E-6	0.7222090850891145	2.9478046059640942E-6	3.129601566421727E-6
0.95	0.27778121216777535	3.62533177700086E-6	0.7222090217400531	2.9478046064126642E-6	3.1929537943235116E-6
0.94	0.27778121216778384	3.6253317772069422E-6	0.7222089570355792	2.947804607010873E-6	3.257654114259273E-6
0.9299999999999999	0.2777812121747108	3.6253317774291994E-6	0.7222088909474272	2.9478046077407018E-6	3.3237461456589256E-6
0.92	0.27778121217475765	3.6253317776713886E-6	0.7222088234218755	2.9478046086318825E-6	3.3912754969256898E-6
0.91	0.277781212174937	3.6253317780952837E-6	0.7222087543968284	2.9478046097390833E-6	3.4602899358647035E-6
0.9	0.2777812121756487	3.6253317785559235E-6	0.7222086838458304	2.947804611075044E-6	3.5308396086231857E-6
0.89	0.277781212178331	3.6253317792183062E-6	0.7222086117076659	2.947804612697359E-6	3.6029773329964597E-6
0.88	0.2777812121794641	3.6253317800966786E-6	0.7222085379192205	2.9478046146948435E-6	3.6767590044303262E-6
0.87	0.27778121219021273	3.625331781224959E-6	0.7222084624271164	2.9478046171333345E-6	3.752244172640093E-6
0.86	0.277781212204004	3.625331782830261E-6	0.722208385163455	2.947804620096796E-6	3.829496878064555E-6
0.85	0.2777812122219985	3.6253317850497605E-6	0.7222083060578799	2.947804623712281E-6	3.908586879723959E-6
0.84	0.27778121225146296	3.6253317881082787E-6	0.7222082250167954	2.947804628109692E-6	3.989591467462128E-6
0.83	0.27778121229857206	3.6253317923741916E-6	0.7222081419671695	2.947804633522458E-6	4.072598145598689E-6
0.8200000000000001	0.27778121237919756	3.625331798318089E-6	0.722208056774631	2.947804640302595E-6	4.157708600972144E-6
0.81	0.27778121249771587	3.6253318065880236E-6	0.7222079693265443	2.947804648667604E-6	4.245044553871513E-6
0.8	0.2777812126740506	3.6253318181481506E-6	0.7222078794326691	2.947804659195941E-6	4.334756345026741E-6
0.79	0.27778121294977975	3.625331834354216E-6	0.7222077868703998	2.947804672514955E-6	4.427035476259507E-6
0.78	0.2777812133608627	3.6253318569892114E-6	0.722207691364886	2.947804689462328E-6	4.522132820475429E-6
0.77	0.27778121398277955	3.625331888519296E-6	0.7222075925036286	2.9478047112854118E-6	4.620384920832943E-6
0.76	0.27778121489972973	3.625331932382029E-6	0.7222074897141953	2.947804739559737E-6	4.7222517751918536E-6
0.75	0.27778121625283714	3.625331993256293E-6	0.7222073822411231	2.9478047764151553E-6	4.828370881794134E-6
0.74	0.27778121823135	3.6253320774152016E-6	0.7222072689955124	2.9478048247460985E-6	4.939634286303537E-6
0.73	0.27778122110189213	3.625332193543717E-6	0.7222071484609492	2.9478048885671092E-6	5.057298241563352E-6
0.72	0.2777812252568826	3.625332353220434E-6	0.7222070184663927	2.9478049732104086E-6	5.183139396499387E-6
0.71	0.27778123121223897	3.625332572361395E-6	0.7222068759729158	2.947805085826398E-6	5.319678135375541E-6
0.7	0.2777812397223803	3.6253328721802957E-6	0.7222067166405745	2.9478052363725834E-6	5.470500585404888E-6
0.69	0.2777812518217004	3.6253332819529914E-6	0.7222065342997447	2.9478054382543415E-6	5.640729312215493E-6
0.6799999999999999	0.27778126898915606	3.625333841366715E-6	0.7222063201476863	2.947805709906429E-6	5.837725659351265E-6
0.6699999999999999	0.2777812932939399	3.625334606059147E-6	0.7222060613961327	2.947806077096474E-6	6.072168074983848E-6
0.6599999999999999	0.2777813277489264	3.6253356542767623E-6	0.7222057393463959	2.9478065765344914E-6	6.359770958715789E-6
0.6499999999999999	0.2777813767721944	3.6253370999191805E-6	0.7222053259252802	2.9478072615423556E-6	6.724156873111105E-6
0.64	0.27778144711925556	3.6253391150801115E-6	0.7222047777961161	2.9478082130034872E-6	7.201941398777047E-6
0.63	0.2777815495822829	3.6253419723346983E-6	0.7222040248800708	2.9478095594217792E-6	7.85238887592273E-6
0.62	0.27778170253463647	3.6253461341880092E-6	0.7222029469020206	2.947811519248623E-6	8.777400745250168E-6
0.61	0.27778194015244295	3.6253524597949168E-6	0.7222013189645118	2.9478144982775285E-6	1.0167716803115895E-5
0.6	0.27778233448119477	3.625362759776956E-6	0.7221986654344775	2.9478193522402633E-6	1.2426896345713806E-5
0.59	0.27778306928244584	3.6253816534971087E-6	0.7221937717169631	2.9478282637941295E-6	1.6585794021691196E-5
0.5800000000000001	0.27778479816028673	3.6254255786180387E-6	0.7221823156755457	2.947848994841544E-6	2.6312892754751288E-5
0.5700000000000001	0.2777929080630501	3.6256300619542205E-6	0.7221286783855456	2.9479454042342103E-6	7.18399735317462E-5
0.56	0.29156694235643255	3.975835828328688E-6	0.6300388229099054	3.101967467412115E-6	0.07838715692943754
0.55	0.3063252302124039	4.343742902977026E-6	0.5265514919963065	3.261602009646033E-6	0.16711567243953068
0.54	0.3182427948796324	4.6283373778021755E-6	0.43777905555956087	3.3856496361968965E-6	0.24397013557261765
0.53	0.3277853526784518	4.843496688118654E-6	0.3616141195613775	3.4807568731710332E-6	0.31059220351404354
0.52	0.33524139176969786	4.999436299906041E-6	0.2970055089090518	3.551276224640707E-6	0.36774454861366473
0.51	0.3408896269783275	5.105992473423452E-6	0.24283501306819058	3.6011833584039724E-6	0.41626665278202796
0.5	0.34500399255174635	5.172410961137156E-6	0.1978742802998535	3.6341615721030287E-6	0.4571129205795604
0.49	0.34784238343431684	5.206977971606509E-6	0.16086505328179365	3.653514214992396E-6	0.49128370278264116
0.48	0.3496372740184387	5.2168177020026426E-6	0.1305976359721796	3.662102149320442E-6	0.5197562110905554
0.47	0.3505909000844561	5.2078552344325075E-6	0.10596386888225402	3.6623300487141083E-6	0.543436360838437
0.45999999999999996	0.35087435957335816	5.184890707586965E-6	0.08598453920918357	3.656170721888695E-6	0.5631322601622178
0.44999999999999996	0.35062932585954837	5.15173256813707E-6	0.06981735960651964	3.6452116160584813E-6	0.5795445175899586
0.43999999999999995	0.34997118704830643	5.111351939518818E-6	0.05675228396743683	3.6307104807742027E-6	0.5932677869255482
0.42999999999999994	0.3489927454234169	5.0660345632567446E-6	0.04619971210567448	3.613651499863236E-6	0.6047988627757902
0.42000000000000004	0.3477679275650347	5.017517864303777E-6	0.03767553172259575	3.5947969501780146E-6	0.6145479283943333
0.41000000000000003	0.3463552002678766	4.9671080813358615E-6	0.030785525392275723	3.5747321287529152E-6	0.6228507325014092
0.4	0.34480055462086695	4.915776794965478E-6	0.025210598318315777	3.5539029725585985E-6	0.6299803773868349
0.39	0.34314002313023756	4.864238480907643E-6	0.02069355080023157	3.5326467381933588E-6	0.6361580291795067
0.38	0.34140175217476326	4.813011690376052E-6	0.017027658383316963	3.511216551749883E-6	0.6415622652073414
0.37	0.339607679023369	4.762466671981299E-6	0.014047055062517735	3.4898007847949933E-6	0.6463370136396249
0.36	0.33777487213881513	4.71286207531388E-6	0.011618775247940598	3.4685381931218976E-6	0.6505981712200667
0.35	0.3359165927975822	4.664373030525913E-6	0.009636250012612028	3.447529658858656E-6	0.6544390452905429
0.33999999999999997	0.3340431305868337	4.6171125100459965E-6	0.008014039118734603	3.4268472475195166E-6	0.6579347863391831
0.32999999999999996	0.3321624579249824	4.571147509120229E-6	0.006683591044291458	3.406541167887653E-6	0.6611459733441861
0.31999999999999995	0.3302807412399304	4.526511260253663E-6	0.005589845528140573	3.3866451043572764E-6	0.6641215000759999
0.30999999999999994	0.32840273943855897	4.483212425787741E-6	0.004688519353005195	3.367180293908189E-6	0.6669008908195551
0.29999999999999993	0.326532114112752	4.441241998553962E-6	0.003943942050456032	3.3481586387839994E-6	0.6695161544421768
0.29000000000000004	0.3246716709300206	4.4005784672313E-6	0.003327331886508198	3.3295850803314876E-6	0.6719932670226596
0.28	0.322823547497	4.361191673587487E-6	0.002815423058997133	3.3114594068889085E-6	0.674353356789013
0.27	0.3209893596226938	4.323045680098431E-6	0.0023893723874892233	3.293777629550149E-6	0.6766136511628331
0.26	0.31917031524194694	4.2861008950360555E-6	0.0020338880976017368	3.276533028837724E-6	0.6787882340202158
0.25	0.3173673033009047	4.250315637618928E-6	0.0017365349648338093	3.259716947907835E-6	0.68088865170026
0.24	0.3155809631115137	4.215647282532028E-6	0.001487179482491184	3.243319394607687E-6	0.6829243984477781
0.22999999999999998	0.3138117385969441	4.182053088553455E-6	0.0012775462402693425	3.2273294960734533E-6	0.684903305780614
0.21999999999999997	0.3120599207338905	4.149490791191508E-6	0.0011008626877960827	3.211735840854858E-6	0.6868318553513099
0.20999999999999996	0.3103256808349164	4.117919017053983E-6	9.515742106602713E-4	3.1965267361306127E-6	0.6887154305053752
0.19999999999999996	0.3086090966535132	4.087297567466867E-6	8.251152069840613E-4	3.1816903981979762E-6	0.6905585191550141
0.18999999999999995	0.3069101729352417	4.057587603245593E-6	7.177248267570281E-4	3.167215094335028E-6	0.6923648774379334
0.17999999999999994	0.3052288575695502	4.028751756853116E-6	6.262983842524688E-4	3.153089245403356E-6	0.6941376622064633
0.16999999999999993	0.30356505431787445	4.0007541910941175E-6	5.482673094775917E-4	3.139301500072123E-6	0.6958795383118339
0.16000000000000003	0.3019186328932921	3.973560619492063E-6	4.815019694040462E-4	3.1258407864285577E-6	0.6975927657331337
0.15000000000000002	0.30028943687316934	3.947138297926594E-6	4.242328484475167E-4	3.1126963470577493E-6	0.6992792704440897
0.14	0.29867729000064314	3.921455996540785E-6	3.749864935094945E-4	3.0998577612888286E-6	0.7009407021925509
0.13	0.29708200112541994	3.896483958761286E-6	3.325333548622616E-4	3.0873149576849625E-6	0.7025784817179954
0.12	0.29550336818226663	3.872193850177999E-6	2.9584522942821187E-4	3.0750582198356405E-6	0.7041938393373185
0.10999999999999999	0.2939411812802926	3.848558702229469E-6	2.64060469615325E-4	3.0630781860031906E-6	0.7057878466200145
0.09999999999999998	0.29239522515775207	3.825552852784624E-6	2.3645548449815682E-4	3.051365845836146E-6	0.7073614424440069
0.08999999999999997	0.2908652811745573	3.8031518849208313E-6	2.1242134909402478E-4	3.0399125331927563E-6	0.7089154544128637
0.07999999999999996	0.28935112882755104	3.7813325657485044E-6	1.9144456842395488E-4	3.0287099178293518E-6	0.7104506165544544
0.06999999999999995	0.28785254698578683	3.760072786907714E-6	1.730912273868803E-4	3.0177499952889116E-6	0.7119675839726183
0.05999999999999994	0.2863693148390608	3.739351505327694E-6	1.5699390509543503E-4	3.0070250758293602E-6	0.7134669448760177
0.04999999999999993	0.2849012126643305	3.7191486870733397E-6	1.428408505557445E-4	2.9965277730914887E-6	0.7149492308147395
0.040000000000000036	0.28344802239758493	3.699445253037544E-6	1.3036701171341083E-4	2.9862509924096575E-6	0.7164149248900493
0.030000000000000027	0.2820095281234029	3.6802230271477104E-6	1.1934658637527451E-4	2.976187918845834E-6	0.7178644688730613
0.020000000000000018	0.2805855163899142	3.661464686982604E-6	1.0958682504039007E-4	2.9663320058008966E-6	0.7192982689828876
0.010000000000000009	0.27917577649373976	3.643153717369769E-6	1.0092286557101294E-4	2.9566769632657858E-6	0.72071670080889