tradeoff	uninfected	susceptible_drugA	susceptible_drugB	resistantA_drugA	resistantA_drugB	resistantB_drugA	resistantB_drugB	multiResist_drugA	multiResist_drugB
0.99	0.36914278333553185	2.8639029691347704E-6	2.8639029691347704E-6	0.20958334813551688	0.10584045906157734	0.10584045906157734	0.20958334813551688	1.9372229757993178E-6	1.9372229757993178E-6
0.98	0.3691427833355285	2.863902969134668E-6	2.863902969134668E-6	0.20958330857999788	0.10584043909349065	0.10584043909349065	0.20958330857999788	1.9967410310759833E-6	1.9967410310759833E-6
0.97	0.36914278333549155	2.863902969134296E-6	2.863902969134296E-6	0.20958326736896657	0.10584041827096256	0.10584041827096256	0.20958326736896657	2.0587650730423194E-6	2.0587650730423194E-6
0.96	0.36914278333548817	2.8639029691331806E-6	2.8639029691331806E-6	0.2095832243875407	0.10584039658593819	0.10584039658593819	0.2095832243875407	2.1234567755658753E-6	2.1234567755658753E-6
0.95	0.36914278333547806	2.863902969133061E-6	2.863902969133061E-6	0.20958317955184982	0.10584037390471192	0.10584037390471192	0.20958317955184982	2.1909920258608206E-6	2.1909920258608206E-6
0.94	0.3691427833354746	2.863902969132756E-6	2.863902969132756E-6	0.20958313264418243	0.10584035022545411	0.10584035022545411	0.20958313264418243	2.2615625212463387E-6	2.2615625212463387E-6
0.9299999999999999	0.36914278332628725	2.863902969132649E-6	2.863902969132649E-6	0.2095830836085668	0.10584032547100629	0.10584032547100629	0.2095830836085668	2.3353775866709216E-6	2.3353775866709216E-6
0.92	0.3691427833262838	2.8639029691282402E-6	2.8639029691282402E-6	0.20958303226333572	0.10584029952432793	0.10584029952432793	0.20958303226333572	2.4126662481193907E-6	2.4126662481193907E-6
0.91	0.3691427833262735	2.863902969127936E-6	2.863902969127936E-6	0.20958297840042553	0.10584027234117815	0.10584027234117815	0.20958297840042553	2.4936796077273186E-6	2.4936796077273186E-6
0.9	0.3691427833262342	2.8639029691278354E-6	2.8639029691278354E-6	0.20958292193197733	0.10584024381862644	0.10584024381862644	0.20958292193197733	2.5786935697857372E-6	2.5786935697857372E-6
0.89	0.3691427833262301	2.8639029691278036E-6	2.8639029691278036E-6	0.20958286256709005	0.10584021384266587	0.10584021384266587	0.20958286256709005	2.668011980714305E-6	2.668011980714305E-6
0.88	0.3691427833262197	2.86390296912672E-6	2.86390296912672E-6	0.20958280016003356	0.10584018232724574	0.10584018232724574	0.20958280016003356	2.761970263131745E-6	2.761970263131745E-6
0.87	0.3691427833260727	2.8639029691267245E-6	2.8639029691267245E-6	0.20958273438739947	0.10584014910653458	0.10584014910653458	0.20958273438739947	2.860939626900849E-6	2.860939626900849E-6
0.86	0.3691427833260686	2.8639029691278303E-6	2.8639029691278303E-6	0.20958266501142045	0.1058401140769384	0.1058401140769384	0.20958266501142045	2.9653319816332538E-6	2.9653319816332538E-6
0.85	0.36914278332605843	2.863902969128234E-6	2.863902969128234E-6	0.20958259177091812	0.10584007708778231	0.10584007708778231	0.20958259177091812	3.075605679367694E-6	3.075605679367694E-6
0.84	0.3691427833260551	2.8639029691330607E-6	2.8639029691330607E-6	0.20958251424435712	0.10584003792934135	0.10584003792934135	0.20958251424435712	3.1922722638903055E-6	3.1922722638903055E-6
0.83	0.36914278332601896	2.863902969410498E-6	2.863902969410498E-6	0.2095824320811425	0.10583999643999797	0.10583999643999797	0.2095824320811425	3.315904441684588E-6	3.315904441684588E-6
0.8200000000000001	0.36914278332605494	2.863902969417344E-6	2.863902969417344E-6	0.20958234486931038	0.10583995241823603	0.10583995241823603	0.20958234486931038	3.4471455338998564E-6	3.4471455338998564E-6
0.81	0.36914278332605927	2.8639029694428855E-6	2.8639029694428855E-6	0.20958225216324605	0.10583990557413184	0.10583990557413184	0.20958225216324605	3.5867207604936777E-6	3.5867207604936777E-6
0.8	0.3691427833262199	2.8639029695224617E-6	2.8639029695224617E-6	0.2095821533325909	0.105839855677116	0.105839855677116	0.2095821533325909	3.735450779018E-6	3.735450779018E-6
0.79	0.3691427833262881	2.863902970247862E-6	2.863902970247862E-6	0.2095820477763707	0.10583980237472877	0.10583980237472877	0.2095820477763707	3.894268027513839E-6	3.894268027513839E-6
0.78	0.36914278333570616	2.863902970635597E-6	2.863902970635597E-6	0.20958193484741805	0.10583974535913226	0.10583974535913226	0.20958193484741805	4.06423659208109E-6	4.06423659208109E-6
0.77	0.36914278333661754	2.863902970775445E-6	2.863902970775445E-6	0.20958181368326706	0.10583968415520134	0.10583968415520134	0.20958181368326706	4.246576533884436E-6	4.246576533884436E-6
0.76	0.3691427833400126	2.8639029712971714E-6	2.8639029712971714E-6	0.20958168338784539	0.10583961836227294	0.10583961836227294	0.20958168338784539	4.44269388568122E-6	4.44269388568122E-6
0.75	0.36914278334373024	2.86390297254763E-6	2.86390297254763E-6	0.20958154284421504	0.10583954736793717	0.10583954736793717	0.20958154284421504	4.654217975678232E-6	4.654217975678232E-6
0.74	0.3691427833575735	2.8639029741883376E-6	2.8639029741883376E-6	0.2095813907475104	0.10583947058884141	0.10583947058884141	0.2095813907475104	4.883048243831913E-6	4.883048243831913E-6
0.73	0.36914278340988893	2.863902975997403E-6	2.863902975997403E-6	0.2095812257293579	0.10583938726508332	0.10583938726508332	0.2095812257293579	5.131413541196523E-6	5.131413541196523E-6
0.72	0.36914278351749674	2.8639029783973815E-6	2.8639029783973815E-6	0.20958104590610666	0.10583929647671506	0.10583929647671506	0.20958104590610666	5.401947995864443E-6	5.401947995864443E-6
0.71	0.3691427835875415	2.8639029826630458E-6	2.8639029826630458E-6	0.2095808492821212	0.10583919719046221	0.10583919719046221	0.2095808492821212	5.697789120465055E-6	5.697789120465055E-6
0.7	0.36914278378843407	2.863902987311465E-6	2.863902987311465E-6	0.2095806333300861	0.10583908816395779	0.10583908816395779	0.2095806333300861	6.022706160614514E-6	6.022706160614514E-6
0.69	0.3691427839825831	2.8639029950994855E-6	2.8639029950994855E-6	0.20958039501351067	0.10583896783951317	0.10583896783951317	0.20958039501351067	6.381270147902746E-6	6.381270147902746E-6
0.6799999999999999	0.3691427842722538	2.8639030046274813E-6	2.8639030046274813E-6	0.20958013052598504	0.10583883435334265	0.10583883435334265	0.20958013052598504	6.779082249316895E-6	6.779082249316895E-6
0.6699999999999999	0.3691427847327276	2.863903018319309E-6	2.863903018319309E-6	0.20957983530270538	0.10583868535087905	0.10583868535087905	0.20957983530270538	7.223085038464531E-6	7.223085038464531E-6
0.6599999999999999	0.3691427853629189	2.8639030365054176E-6	2.8639030365054176E-6	0.2095795035194193	0.10583851790330516	0.10583851790330516	0.2095795035194193	7.721993781988888E-6	7.721993781988888E-6
0.6499999999999999	0.36914278615217605	2.863903061369241E-6	2.863903061369241E-6	0.2095791278084651	0.10583832830914087	0.10583832830914087	0.2095791278084651	8.286905033663672E-6	8.286905033663672E-6
0.64	0.3691427873672995	2.8639030950903057E-6	2.8639030950903057E-6	0.20957869849937286	0.10583811173100026	0.10583811173100026	0.20957869849937286	8.932173216354717E-6	8.932173216354717E-6
0.63	0.36914278909106096	2.8639031400445113E-6	2.8639031400445113E-6	0.20957820303585684	0.10583786183269323	0.10583786183269323	0.20957820303585684	9.67670290983229E-6	9.67670290983229E-6
0.62	0.36914279141933043	2.863903201285779E-6	2.863903201285779E-6	0.20957762444677888	0.10583757005275786	0.10583757005275786	0.20957762444677888	1.0545905559928086E-5	1.0545905559928086E-5
0.61	0.3691427945891912	2.86390328351591E-6	2.86390328351591E-6	0.20957693934947355	0.10583722467887459	0.10583722467887459	0.20957693934947355	1.1574755248597795E-5	1.1574755248597795E-5
0.6	0.36914279915769116	2.863903395323121E-6	2.863903395323121E-6	0.20957611475494412	0.1058368090428073	0.1058368090428073	0.20957611475494412	1.2812737034637977E-5	1.2812737034637977E-5
0.59	0.3691428054552495	2.8639035479777433E-6	2.8639035479777433E-6	0.20957510230871332	0.10583629888296317	0.10583629888296317	0.20957510230871332	1.4332211995050794E-5	1.4332211995050794E-5
0.5800000000000001	0.36914281432376916	2.8639037581133445E-6	2.8639037581133445E-6	0.20957382847294537	0.10583565715628082	0.10583565715628082	0.20957382847294537	1.6243309772783867E-5	1.6243309772783867E-5
0.5700000000000001	0.36914282712693913	2.8639040539047557E-6	2.8639040539047557E-6	0.20957217563370686	0.10583482471636667	0.10583482471636667	0.20957217563370686	1.872218240216239E-5	1.872218240216239E-5
0.56	0.3691428459861505	2.86390448056478E-6	2.86390448056478E-6	0.20956994336220905	0.10583370068267085	0.10583370068267085	0.20956994336220905	2.2069070663266818E-5	2.2069070663266818E-5
0.55	0.3691428748985022	2.8639051223635694E-6	2.8639051223635694E-6	0.20956675987703144	0.10583209803890412	0.10583209803890412	0.20956675987703144	2.6840729131557134E-5	2.6840729131557134E-5
0.54	0.3691429221209224	2.86390615536117E-6	2.86390615536117E-6	0.20956184993623292	0.10582962662584441	0.10582962662584441	0.20956184993623292	3.419847419719394E-5	3.419847419719394E-5
0.53	0.3691430082535524	2.863908013719448E-6	2.863908013719448E-6	0.20955328283231545	0.10582531505172926	0.10582531505172926	0.20955328283231545	4.703407453321201E-5	4.703407453321201E-5
0.52	0.36914320245009485	2.8639121617814376E-6	2.8639121617814376E-6	0.20953454406442623	0.10581588519686053	0.10581588519686053	0.20953454406442623	7.510555252136727E-5	7.510555252136727E-5
0.51	0.3691439783862885	2.8639286201409288E-6	2.8639286201409288E-6	0.2094610574669026	0.10577890691385385	0.10577890691385385	0.2094610574669026	1.8518250768785428E-4	1.8518250768785428E-4
0.5	0.3703687970399943	2.8897002036701683E-6	2.8897002036701683E-6	5.775454558750126E-4	2.9261262336413574E-4	2.9261262336413574E-4	5.775454558750126E-4	0.31394255370839835	0.31394255370839835
0.49	0.3679198805040071	2.8387229828730654E-6	2.8387229828730654E-6	1.5405412652439468E-4	7.802404834139145E-5	7.802404834139145E-5	1.5405412652439468E-4	0.315805142815166	0.315805142815166
0.48	0.3654999515844914	2.7904535363252804E-6	2.7904535363252804E-6	8.938295012181546E-5	4.525518919960179E-5	4.525518919960179E-5	8.938295012181546E-5	0.3171125956106506	0.3171125956106506
0.47	0.3631113110854764	2.7447336262941834E-6	2.7447336262941834E-6	6.319894542122698E-5	3.1988528209256376E-5	3.1988528209256376E-5	6.319894542122698E-5	0.3183464122391103	0.3183464122391103
0.45999999999999996	0.36075358511786043	2.701370521043134E-6	2.701370521043134E-6	4.902452796149103E-5	2.4807358894465736E-5	2.4807358894465736E-5	4.902452796149103E-5	0.3195466741626136	0.3195466741626136
0.44999999999999996	0.3584262348608826	2.6601875444710097E-6	2.6601875444710097E-6	4.013950557842185E-5	2.0306416569169098E-5	2.0306416569169098E-5	4.013950557842185E-5	0.32072377647165967	0.32072377647165967
0.43999999999999995	0.3561286980546585	2.621024663121076E-6	2.621024663121076E-6	3.404977186978901E-5	1.7221878555290502E-5	1.7221878555290502E-5	3.404977186978901E-5	0.3218817582819766	0.3218817582819766
0.42999999999999994	0.35386041505712934	2.583736952882635E-6	2.583736952882635E-6	2.9616526417657545E-5	1.4976684297667093E-5	1.4976684297667093E-5	2.9616526417657545E-5	0.32302261554620665	0.32302261554620665
0.42000000000000004	0.3516208355439456	2.5481929597497914E-6	2.5481929597497914E-6	2.6245736545757873E-5	1.3269819511216864E-5	1.3269819511216864E-5	2.6245736545757873E-5	0.32414751848736795	0.32414751848736795
0.41000000000000003	0.3494094209124587	2.5142732054772932E-6	2.5142732054772932E-6	2.3597147698274036E-5	1.1928865797211158E-5	1.1928865797211158E-5	2.3597147698274036E-5	0.32525724925469446	0.32525724925469446
0.4	0.3472256448401854	2.4818688675016787E-6	2.4818688675016787E-6	2.1461813701981683E-5	1.084794263961414E-5	1.084794263961414E-5	2.1461813701981683E-5	0.32635238597349586	0.32635238597349586
0.39	0.34506899349289155	2.4508806261655534E-6	2.4508806261655534E-6	1.9704309915774396E-5	9.95842548630489E-6	9.95842548630489E-6	1.9704309915774396E-5	0.32743338963097834	0.32743338963097834
0.38	0.3429389652644185	2.421217648956899E-6	2.421217648956899E-6	1.823299773101408E-5	9.213878039653624E-6	9.213878039653624E-6	1.823299773101408E-5	0.3285006492562631	0.3285006492562631
0.37	0.3408350708750933	2.3927967063152575E-6	2.3927967063152575E-6	1.698364311970701E-5	8.581751288816176E-6	8.581751288816176E-6	1.698364311970701E-5	0.32955450636021955	0.32955450636021955
0.36	0.3387568325220691	2.3655413947248155E-6	2.3655413947248155E-6	1.5909879558551053E-5	8.038550735734644E-6	8.038550735734644E-6	1.5909879558551053E-5	0.33059526979506665	0.33059526979506665
0.35	0.3367037840048342	2.3393814482069653E-6	2.3393814482069653E-6	1.4977396085026494E-5	7.566891228012736E-6	7.566891228012736E-6	1.4977396085026494E-5	0.3316232243128483	0.3316232243128483
0.33999999999999997	0.33467547036226136	2.314252138033045E-6	2.314252138033045E-6	1.4160256510881761E-5	7.153631714366946E-6	7.153631714366946E-6	1.4160256510881761E-5	0.3326386366961091	0.3326386366961091
0.32999999999999996	0.332671447347469	2.290093735947004E-6	2.290093735947004E-6	1.3438490411405264E-5	6.788654442376117E-6	6.788654442376117E-6	1.3438490411405264E-5	0.3336417591151034	0.3336417591151034
0.31999999999999995	0.33069128130684167	2.2668510405667164E-6	2.2668510405667164E-6	1.279647101694253E-5	6.464042907084895E-6	6.464042907084895E-6	1.279647101694253E-5	0.33463283193951554	0.33463283193951554
0.30999999999999994	0.32873454892853116	2.2444729577152324E-6	2.2444729577152324E-6	1.2221795451111779E-5	6.173514364361095E-6	6.173514364361095E-6	1.2221795451111779E-5	0.3356120857284682	0.3356120857284682
0.29999999999999993	0.32680083664938087	2.2229121245968493E-6	2.2229121245968493E-6	1.1704494644653811E-5	5.912019420517496E-6	5.912019420517496E-6	1.1704494644653811E-5	0.33657974222328974	0.33657974222328974
0.29000000000000004	0.3248897406748199	2.202124575672635E-6	2.202124575672635E-6	1.1236464894974327E-5	5.675453934584993E-6	5.675453934584993E-6	1.1236464894974327E-5	0.337536015609089	0.337536015609089
0.28	0.3230008666236253	2.182069443012302E-6	2.182069443012302E-6	1.081105172981336E-5	5.460448113863371E-6	5.460448113863371E-6	1.081105172981336E-5	0.33848111309777973	0.33848111309777973
0.27	0.3211338291675405	2.162708688875717E-6	2.162708688875717E-6	1.0422740430156223E-5	5.264209662877872E-6	5.264209662877872E-6	1.0422740430156223E-5	0.3394152357529685	0.3394152357529685
0.26	0.31928825175665565	2.144006864644684E-6	2.144006864644684E-6	1.0066922641154199E-5	5.084405499838968E-6	5.084405499838968E-6	1.0066922641154199E-5	0.34033857875649914	0.34033857875649914
0.25	0.3174637666198165	2.1259308938337006E-6	2.1259308938337006E-6	9.739718050050869E-6	4.919071372470976E-6	4.919071372470976E-6	9.739718050050869E-6	0.3412513319266491	0.3412513319266491
0.24	0.3156600142624507	2.108449877627385E-6	2.108449877627385E-6	9.437836548222742E-6	4.766542012316091E-6	4.766542012316091E-6	9.437836548222742E-6	0.34215368004614966	0.34215368004614966
0.22999999999999998	0.31387664316045466	2.091534918438643E-6	2.091534918438643E-6	9.15847054723385E-6	4.625396549249177E-6	4.625396549249177E-6	9.15847054723385E-6	0.34304580301883125	0.34304580301883125
0.21999999999999997	0.3121133099734821	2.075158959465484E-6	2.075158959465484E-6	8.899209997389712E-6	4.494415458078049E-6	4.494415458078049E-6	8.899209997389712E-6	0.34392787625130455	0.34392787625130455
0.20999999999999996	0.31036967877298705	2.0592966419223883E-6	2.0592966419223883E-6	8.65797474315676E-6	4.372546272081399E-6	4.372546272081399E-6	8.65797474315676E-6	0.3448000708001981	0.3448000708001981
0.19999999999999996	0.30864542124352934	2.04392417305997E-6	2.04392417305997E-6	8.432960192699168E-6	4.258876058541945E-6	4.258876058541945E-6	8.432960192699168E-6	0.3456625535812256	0.3456625535812256
0.18999999999999995	0.3069402163162335	2.0290192074930887E-6	2.0290192074930887E-6	8.222593368220668E-6	4.152609147118215E-6	4.152609147118215E-6	8.222593368220668E-6	0.3465154876457057	0.3465154876457057
0.17999999999999994	0.30525374980189096	2.014560737900085E-6	2.014560737900085E-6	8.02549708127803E-6	4.0530489826536104E-6	4.0530489826536104E-6	8.02549708127803E-6	0.3473590319667962	0.3473590319667962
0.16999999999999993	0.30358571467736045	2.0005289975705624E-6	2.0005289975705624E-6	7.840460539710481E-6	3.959583235538187E-6	3.959583235538187E-6	7.840460539710481E-6	0.3481933420952428	0.3481933420952428
0.16000000000000003	0.3019358103640556	1.9869053693180006E-6	1.9869053693180006E-6	7.666415072509936E-6	3.871671507597019E-6	3.871671507597019E-6	7.666415072509936E-6	0.34901856980673757	0.34901856980673757
0.15000000000000002	0.3003037428441905	1.973672303950297E-6	1.973672303950297E-6	7.502413982321579E-6	3.7888351217043455E-6	3.7888351217043455E-6	7.502413982321579E-6	0.34983486362513827	0.34983486362513827
0.14	0.298689224455975	1.960813243369931E-6	1.960813243369931E-6	7.34761570696368E-6	3.7106486012497177E-6	3.7106486012497177E-6	7.34761570696368E-6	0.35064236867760806	0.35064236867760806
0.13	0.2970919736427824	1.948312553080251E-6	1.948312553080251E-6	7.201269688786521E-6	3.6367325115855913E-6	3.6367325115855913E-6	7.201269688786521E-6	0.351441226884865	0.351441226884865
0.12	0.29551171487583583	1.9361554579783115E-6	1.9361554579783115E-6	7.062704455063147E-6	3.5667474257749827E-6	3.5667474257749827E-6	7.062704455063147E-6	0.35223157697733803	0.35223157697733803
0.10999999999999999	0.29394817840777826	1.924327983251091E-6	1.924327983251091E-6	6.9313175215372395E-6	3.5003888126056794E-6	3.5003888126056794E-6	6.9313175215372395E-6	0.35301355480187646	0.35301355480187646
0.09999999999999998	0.29240110020616855	1.9128169031570278E-6	1.9128169031570278E-6	6.806566786607368E-6	3.4373826821190297E-6	3.4373826821190297E-6	6.806566786607368E-6	0.35378729313419766	0.35378729313419766
0.08999999999999997	0.29087022179881156	1.9016096892802402E-6	1.9016096892802402E-6	6.687963188533468E-6	3.377481867049546E-6	3.377481867049546E-6	6.687963188533468E-6	0.35455292205748284	0.35455292205748284
0.07999999999999996	0.2893552900520173	1.8906944667142582E-6	1.8906944667142582E-6	6.575064397898606E-6	3.3204628326884333E-6	3.3204628326884333E-6	6.575064397898606E-6	0.3553105687603706	0.3553105687603706
0.06999999999999995	0.28785605707553713	1.8800599701729381E-6	1.8800599701729381E-6	6.467469394009234E-6	3.266122929838959E-6	3.266122929838959E-6	6.467469394009234E-6	0.35606035777888884	0.35606035777888884
0.05999999999999994	0.28637228014257243	1.8696955079215568E-6	1.8696955079215568E-6	6.364813761278987E-6	3.2142780192525986E-6	3.2142780192525986E-6	6.364813761278987E-6	0.3568024111443069	0.3568024111443069
0.04999999999999993	0.28490372141970066	1.859590923863482E-6	1.859590923863482E-6	6.266765628073186E-6	3.1647604127263305E-6	3.1647604127263305E-6	6.266765628073186E-6	0.3575368481688025	0.3575368481688025
0.040000000000000036	0.283450148044532	1.8497365639937874E-6	1.8497365639937874E-6	6.173022122154184E-6	3.11741708140646E-6	3.11741708140646E-6	6.173022122154184E-6	0.3582637857901179	0.3582637857901179
0.030000000000000027	0.28201133168426057	1.84012324822786E-6	1.84012324822786E-6	6.083306284535721E-6	3.072108095055928E-6	3.072108095055928E-6	6.083306284535721E-6	0.35898333859278575	0.35898333859278575
0.020000000000000018	0.2805870488773056	1.8307422385229385E-6	1.8307422385229385E-6	5.997364358236642E-6	3.0287052532401845E-6	3.0287052532401845E-6	5.997364358236642E-6	0.35969561874045747	0.35969561874045747
0.010000000000000009	0.27917708046539425	1.8215852151242617E-6	1.8215852151242617E-6	5.914963424749353E-6	2.9870908841086232E-6	2.9870908841086232E-6	5.914963424749353E-6	0.36040073611322193	0.36040073611322193
